SIS_NUMBER	INTERNET_AUTORIZATION
100060	30
245935	30
246890	30
234744	30
234750	30
247761	30
245703	30
245987	30
246646	30
247144	30
246642	30
248894	30
248914	50
248916	30
248921	30
237261	30
236836	30
226559	40
246640	30
251699	30
251280	30
251284	30
251289	30
251290	30
251011	40
251033	40
251124	40
251297	30
251594	40
251598	30
251420	30
251456	40
251756	30
251763	30
251379	30
251539	30
251554	30
251556	30
251563	30
251608	30
251402	30
255963	30
253084	30
253663	30
253867	30
247235	30
253464	30
252874	40
249732	30
250411	30
250436	30
250485	30
250499	30
250556	30
250573	30
251151	30
251152	30
251157	30
251168	30
251768	30
251770	30
251772	30
251773	30
251774	30
238228	30
246185	30
253417	30
255957	30
237088	30
234791	30
234798	30
234802	30
234806	30
238487	30
250087	30
245528	30
245536	30
246652	30
174228	30
246110	30
247736	30
234575	30
251246	30
251043	30
251047	30
234996	30
234957	30
234902	30
226566	30
235003	30
235016	30
235028	30
235072	30
234911	30
238226	30
246685	30
247125	30
191313	30
187372	40
245368	30
245369	30
245370	30
246229	40
234772	30
234778	30
234786	30
234909	30
234917	30
234932	30
234936	30
234948	30
234978	30
239850	30
239025	30
234990	30
237794	30
237658	30
240091	30
240092	30
240094	30
240114	30
234993	30
234792	30
234989	30
234755	30
239893	30
234785	30
234823	30
234831	30
245973	30
248044	30
239968	30
245882	30
234536	30
234567	30
235005	30
235017	30
235018	30
234850	30
234859	30
234862	30
234873	30
234878	30
251201	30
251570	30
251576	30
251605	30
239279	30
239283	30
246895	30
236855	30
242495	30
242531	30
242532	30
242410	30
242415	30
237760	30
239961	30
239101	30
243188	30
236879	30
236880	30
236883	30
236884	30
234851	30
234867	30
234874	30
234893	30
234894	30
234754	30
238392	30
238435	30
239636	30
239638	30
237083	30
237084	30
237085	30
237086	30
237087	30
239185	30
239189	30
238611	30
234538	50
234539	30
234540	30
237115	30
237116	30
245950	30
234553	30
245953	30
250335	30
250336	30
226563	30
246322	30
246512	30
246327	30
246491	30
245963	30
247797	30
247474	30
249153	30
249154	30
249155	30
249156	30
249161	30
249165	30
249172	30
249173	30
249180	30
246671	30
246672	30
246675	30
249185	30
249186	30
246176	30
174957	30
249189	30
249190	30
249194	30
249199	30
249200	30
249202	30
245772	30
252000	30
245589	30
245593	30
250927	30
252542	30
251332	40
251352	40
251356	40
252929	30
253133	40
234569	30
247383	30
247384	30
247387	30
246460	30
234584	30
246088	30
245746	30
234593	30
246089	30
246090	30
249121	30
249122	30
246437	30
247794	30
249841	30
251405	30
251431	30
251432	30
251449	30
251459	30
251461	30
251480	30
251485	30
249998	30
245826	30
246899	30
250011	30
250055	30
250063	30
250064	30
250067	30
247539	30
234561	30
245453	30
238842	30
238871	30
238906	40
239091	30
239115	40
239116	40
246459	30
249501	30
250899	30
250900	30
238985	30
239043	30
238986	30
234837	30
234879	30
250866	30
250869	30
250949	30
250874	30
250877	30
250878	30
234573	30
234590	30
234597	30
234515	40
238231	30
238258	30
238299	30
235480	30
235509	30
246157	30
246937	30
239285	30
235407	40
235413	40
235436	40
235756	30
245627	30
245633	30
238979	30
237493	30
237494	30
237495	30
246968	30
237370	30
237390	30
237497	30
237498	30
237499	30
236776	30
237535	30
237536	30
237543	30
237548	30
246340	30
239648	30
177227	30
239027	30
235745	30
177228	30
237551	30
237552	30
237555	30
237556	30
237559	30
237560	30
246350	30
246359	30
246360	30
226567	30
234810	30
234819	30
234830	40
234835	30
234836	30
234840	30
234843	30
237561	30
237562	30
237565	30
237566	30
237567	30
247377	30
247471	30
238744	30
238752	30
238769	30
238770	30
239789	30
239790	30
240082	30
237569	30
234844	40
234845	30
234853	30
234863	30
234866	30
246923	30
235124	30
235136	30
238773	30
246924	30
240113	30
240116	30
240121	30
245756	30
250525	30
250541	30
250542	30
250561	30
251131	30
251149	30
251156	30
251162	30
251173	30
251473	30
251474	30
247194	30
258836	30
258841	30
258939	30
258942	30
259243	30
259455	30
259456	30
259457	30
259458	30
259523	40
259529	30
259013	30
259053	30
258209	30
251975	30
252122	30
103105	30
246826	30
246829	30
246830	30
251186	30
247039	30
246361	30
247119	30
251228	30
251236	30
251365	30
245457	30
245458	30
245461	40
252377	30
251636	30
234624	30
234629	30
234630	30
237252	30
237273	30
237285	30
237286	30
237294	30
235427	30
235777	30
239735	30
239736	30
240254	30
235781	30
235799	30
235805	30
235811	30
235412	30
236918	30
235486	30
236935	30
237296	30
237303	30
237304	30
258210	30
258229	30
258230	30
258241	30
259609	30
257821	30
258256	30
238879	30
234733	30
234734	30
238863	30
226580	30
247233	30
251958	30
251973	30
250886	30
250974	40
259338	30
259341	30
258897	30
238876	30
258823	30
258901	30
258907	30
258910	30
258878	30
258886	30
258920	30
258924	30
258928	30
259354	30
259362	30
259364	30
258931	30
258932	30
258934	30
258935	30
258937	30
258914	30
258769	30
258858	30
258918	30
258919	30
174968	40
250158	30
250176	30
250185	30
250186	30
250192	30
250195	30
250201	30
226409	30
250202	30
250213	30
252345	30
250214	30
237308	30
237313	30
237314	30
239722	30
235872	30
235903	30
235388	30
235393	30
235399	30
239865	30
235626	30
235627	30
226581	30
237128	30
237136	30
237200	30
239926	30
239030	30
239205	30
239236	40
239243	40
239372	30
235537	30
235595	30
235601	30
235613	30
235630	30
237668	30
235764	30
247126	30
242288	30
242567	30
235590	30
235614	30
240212	30
240217	30
237235	30
242575	30
242583	30
235631	30
239135	30
237319	30
237320	30
237323	30
237340	30
235778	30
237212	30
237215	30
237248	30
235525	30
235538	30
235589	30
235332	30
235339	30
235082	30
237255	30
237256	30
237262	30
235125	30
235036	30
235040	30
235048	30
234999	30
235077	30
246356	30
247135	30
237265	30
237266	30
237268	30
235139	30
238949	30
239102	30
239113	30
235059	30
226562	30
245896	30
246819	30
250743	30
250744	30
250749	30
250750	30
250755	30
250761	30
250762	30
247858	30
226408	30
250765	30
250766	30
250771	30
250772	30
250774	30
250775	30
246582	30
247808	30
245682	30
245691	30
246333	30
249552	30
247315	40
246824	30
246828	30
247089	30
249444	30
249456	30
249634	30
249665	30
251897	30
249666	30
249867	40
252360	30
249852	30
242198	30
248023	30
248024	30
248027	30
246949	30
249469	30
249471	30
249474	30
249477	30
249478	30
253341	30
253375	30
253376	30
253377	30
250776	30
250777	30
250778	30
250783	30
250784	30
250785	30
252348	30
247502	30
247505	30
252818	40
253350	30
253136	30
252507	40
232456	30
242250	30
253125	30
253931	30
246989	30
246991	30
253193	40
253194	40
242614	30
253164	30
252881	40
255972	30
183735	30
252706	30
242202	30
242204	30
242200	30
242201	30
246317	30
250502	30
243872	30
243893	30
234972	30
234780	30
252372	30
234998	30
234765	30
226614	30
234766	30
248099	30
250218	30
250222	30
261300	30
261311	30
236769	30
236817	30
178017	30
261257	30
261209	30
261215	40
204144	30
261259	30
234816	30
101062	30
234807	30
245767	30
245768	30
245773	30
234812	30
247579	30
226574	30
234827	30
234799	30
244249	30
244250	30
244252	30
244256	30
244259	30
248670	30
248680	30
248683	30
246855	30
245399	30
245404	30
245411	30
245413	30
249050	30
249701	30
249706	30
250402	30
246072	30
249046	30
254313	30
247190	30
247191	30
234790	30
252764	30
234789	30
252738	30
252829	30
252947	30
252951	30
245658	30
255428	30
253114	30
253115	30
251525	30
237424	30
237430	30
238866	30
236537	30
236626	30
236703	30
238853	30
237279	30
237361	30
237366	30
237503	30
237520	30
247775	40
247776	30
247777	30
237901	30
237903	30
237904	30
237906	30
236486	30
237571	40
237659	30
237673	30
237674	30
237677	30
237531	30
237532	30
237537	30
237725	30
245423	30
245424	30
239699	30
237397	40
237452	40
237726	30
237728	30
237729	30
236328	40
236339	40
238963	30
244457	30
237943	30
237944	30
237945	30
237574	30
237892	30
238494	30
237511	30
237649	30
236471	30
236493	30
235920	30
238042	30
238068	30
238073	30
237730	30
237731	30
237732	30
237733	30
237734	30
237735	30
237915	30
238556	30
243610	30
237736	30
237737	30
237738	30
237746	30
237747	30
236508	30
236745	40
237795	30
237805	30
237806	30
237631	30
237641	30
237650	30
236700	30
236720	30
237830	30
237836	30
237835	30
246284	30
236260	30
236265	30
111899	30
236040	30
236111	30
243622	30
246358	30
245858	30
252341	30
253264	30
247624	30
251374	30
249996	40
250019	40
252880	30
245888	30
252669	30
252919	30
253023	30
251578	30
251582	30
251592	30
235033	30
226584	30
250868	30
250891	30
250898	30
249465	30
249466	30
249467	30
252712	30
252714	30
235034	30
252765	30
234803	30
238458	30
234804	30
234809	30
238240	30
252343	30
247731	30
252350	30
252344	30
252351	30
252353	30
252355	30
252362	30
259605	30
247129	30
251166	30
251195	30
251382	30
250705	40
256019	30
256022	30
256025	30
246713	30
246714	30
251373	30
252529	30
251630	30
253230	30
251287	30
251293	30
245463	30
245476	30
235046	30
246746	30
246748	30
252852	40
246916	30
236060	40
249053	30
249700	30
245393	30
245398	30
252769	30
226560	30
235012	40
249049	30
246688	30
252528	30
111479	30
235015	40
250514	30
235022	40
235025	40
235027	40
235031	40
235032	40
252543	30
238655	30
238685	30
238713	30
245414	30
235561	30
236252	40
236259	40
247333	30
246963	30
247407	30
247408	30
250663	30
235917	30
250674	30
250677	30
245443	30
245444	30
245446	30
250151	30
247617	40
245804	30
256026	30
256031	30
256032	30
256034	30
256039	30
256040	30
256041	30
252747	30
253424	40
253426	40
244229	30
244234	30
244260	30
251566	30
251572	30
251687	30
251697	30
245966	30
246368	30
246372	30
246428	30
252635	30
252637	30
252638	30
249453	30
249458	30
249459	30
249460	30
249461	30
246230	30
246302	30
249462	30
247216	30
238229	30
176168	30
176173	40
256947	30
256970	30
256669	30
257402	30
114772	30
252547	30
255973	30
246982	30
252878	30
243584	30
250569	30
250570	30
253019	30
253020	30
246636	30
251574	30
250657	30
253268	30
253269	30
246217	30
247849	30
235809	30
246902	30
247077	30
114810	30
247130	30
247161	40
246497	30
246498	30
226619	30
247079	30
247413	30
246802	30
247209	30
242597	30
248046	30
246897	30
245689	30
252368	30
247392	30
249593	30
247559	30
245597	30
245598	30
252367	30
249895	30
252370	30
247213	30
247779	30
252366	30
245660	30
245666	30
248790	30
245714	30
235823	30
247018	30
249092	30
236874	30
235840	30
235874	30
236811	30
235888	30
235914	30
235924	30
235957	30
235972	30
236052	30
236064	30
252739	30
239137	30
239138	30
239139	30
238811	30
235597	30
235610	30
235839	30
237596	30
237597	30
237598	30
237599	30
237600	30
237601	30
237602	30
237603	30
235948	30
237505	30
237509	30
237510	30
237621	30
237622	30
237623	30
237624	30
237627	30
237628	30
237223	30
237759	30
237772	30
237775	30
237776	30
236740	40
236747	40
236748	40
236751	40
237667	30
237604	30
237605	30
237606	30
237607	30
237618	30
237619	30
237620	30
245920	30
238800	30
239057	30
236706	30
236140	30
236141	30
235662	30
237648	30
246453	30
247961	30
237544	30
237577	30
237581	30
237585	30
237586	30
237591	30
237595	30
239203	30
247121	30
259632	30
250165	30
250182	30
250212	30
235328	40
249863	30
245984	30
245986	30
252373	30
235761	30
188118	30
242513	30
242637	30
246464	30
237609	30
237610	30
237611	30
237612	30
236718	30
236526	30
236543	30
236547	30
236551	30
236554	30
237613	30
237614	30
237615	30
237616	30
237617	30
235816	30
239780	30
239823	30
240120	40
239854	30
236872	30
240500	30
240501	30
239767	30
239778	30
239810	30
239832	30
239563	30
197967	40
236142	30
236143	30
236144	30
236145	30
235986	30
236019	30
236561	30
236562	30
236577	30
236687	30
236721	30
242064	30
242065	30
242066	30
242067	30
236146	30
236187	40
236188	30
249417	30
246405	30
117013	30
242068	30
242069	30
242074	30
242075	30
242076	30
240135	30
245169	30
238221	30
235779	30
238150	30
238159	30
238160	30
238168	30
247042	30
245609	30
240975	30
240977	30
246291	40
239847	30
240143	30
238049	30
246945	30
247094	30
240080	30
239997	40
236232	30
239633	30
239634	30
241291	30
241293	30
246402	30
240089	30
246406	30
246407	30
246511	30
235637	30
231992	30
245193	30
236391	30
236258	30
247208	30
236372	30
235784	30
235788	30
238296	30
240041	30
240359	30
239774	30
239776	30
237590	30
237593	30
239812	30
239815	30
240056	30
239857	30
239858	30
235819	30
235612	30
235654	30
235673	30
240066	30
235643	30
240180	30
240016	30
239859	30
239039	30
240063	30
240064	30
240065	30
239737	30
246100	30
239806	40
239809	40
237962	30
237963	30
235810	30
260947	30
252395	30
252396	30
252397	30
252398	30
252399	30
252290	30
252291	30
252292	30
252293	30
252294	30
252082	30
252168	30
252181	30
252436	40
118718	30
252407	30
252408	30
252409	30
252410	30
252411	30
252412	30
242346	30
242347	30
242350	30
252442	40
252446	30
252447	30
252448	30
252463	30
252413	30
252485	30
252453	30
252459	30
252462	30
252486	30
252488	30
252374	30
252375	30
252376	30
252416	30
252433	30
252437	30
252464	30
252471	30
251970	40
252004	40
252013	40
252474	30
252218	30
235299	30
251926	30
254809	30
252019	40
252020	40
252454	30
252460	30
252182	30
252317	30
252318	30
252400	30
252401	30
252404	30
252405	30
252406	30
252282	30
252284	30
252323	30
252324	30
252327	30
252333	30
239643	30
239644	30
239913	30
237534	30
239795	30
239801	30
239802	30
239803	30
226621	30
239902	30
236435	30
236443	30
236451	30
239668	30
246907	30
235279	30
235416	30
235280	30
254537	30
251912	30
251917	30
251918	30
238466	30
235918	30
236242	30
252288	30
252289	30
236682	30
236691	30
236465	30
238239	30
237148	40
237774	30
238147	30
236452	30
251197	30
252253	30
251248	30
236783	30
251250	30
236045	30
235314	30
235856	30
247416	30
235304	30
235896	30
235313	30
252918	30
253063	30
245628	30
245634	30
252605	30
238230	30
247449	40
247450	40
246019	30
235359	30
252633	30
235341	30
252626	40
253312	50
252708	30
252711	30
251683	30
235345	30
245615	30
245626	30
252796	30
246697	30
246747	30
235347	30
252837	30
252856	30
252879	30
249677	40
249678	40
119812	30
252898	30
245433	30
245435	30
245449	30
235358	30
246793	30
245704	30
235747	40
236846	30
236962	30
247324	30
236412	30
235817	30
236253	30
236257	30
236263	30
236273	30
236427	30
236440	30
247326	30
249017	30
249030	30
247329	30
235813	30
249033	30
252378	30
247330	30
249029	30
206958	30
187098	40
235814	30
235773	40
235780	40
189110	30
207298	30
236663	30
207300	30
235824	30
120547	30
236664	30
238078	30
238324	40
249879	30
236812	40
235829	30
235846	30
235864	30
235870	30
237958	30
238561	30
239800	30
189841	30
235820	40
237540	30
240125	30
240161	30
236591	30
236613	30
240058	40
240061	40
236646	30
236655	30
236110	30
252180	30
252184	30
252190	30
235849	40
236124	30
252210	30
238279	30
238338	30
238353	30
235873	40
236130	30
236133	30
249694	30
238759	30
238854	40
237968	30
238037	30
238090	30
238861	30
238433	30
238064	30
238092	40
238116	30
246535	30
246536	30
246537	30
242427	30
236361	30
253605	30
236012	30
236362	30
236363	30
252424	30
252978	30
252979	30
260936	30
251930	30
251931	30
253056	30
253062	30
235995	30
235999	30
236003	30
253217	40
252882	30
253322	30
253418	30
123008	30
236004	30
236005	30
236006	30
236011	30
251235	40
235954	40
238803	30
238722	30
237809	40
238041	30
246178	30
237134	40
237753	40
238641	30
246858	30
238033	30
238133	30
238134	30
238137	30
246772	30
252762	30
252811	30
251251	30
251253	30
251264	30
251273	30
251274	30
251132	40
252812	30
251277	30
251281	30
251285	30
251286	30
251292	30
252841	30
252850	40
250701	30
252889	30
252926	30
236049	30
236050	30
236055	30
236061	30
236068	30
236071	30
231516	30
242077	30
242078	30
243355	30
243356	30
244570	40
242447	30
242460	30
243363	30
243369	30
243375	30
243376	30
243385	30
242642	30
242651	30
243405	30
243398	30
251430	30
253836	30
253850	30
253977	40
253976	30
254101	30
123729	30
253972	30
254077	30
252857	30
252858	30
254091	30
253921	30
254063	30
253790	30
254078	30
254043	30
242559	30
242565	30
254831	30
236350	30
253769	30
251407	30
251408	30
249065	30
249066	30
249087	30
245259	30
235964	40
253794	30
253770	30
253820	30
253842	30
254098	30
254099	30
242079	30
242080	30
242081	30
242082	30
235953	40
226542	30
236462	30
255970	30
255971	30
256706	30
245415	30
256707	30
256708	30
251481	30
251488	30
253172	30
253667	30
257016	30
257078	30
259125	30
256711	30
256712	30
255903	30
253868	30
253256	30
255904	30
255912	30
255914	30
255964	30
252632	30
256055	30
256108	30
256113	30
256114	30
256119	30
256120	30
256122	30
256123	30
226546	30
256326	30
256327	30
256167	30
256177	30
256178	30
256263	30
256269	30
254858	30
256254	30
254863	30
259026	30
256270	30
256272	30
256273	30
256274	30
255977	30
255978	30
255979	30
255980	30
255983	30
256052	30
243263	30
243268	30
243305	30
238148	30
238659	30
237913	30
238273	30
238814	30
238050	30
238658	30
239151	30
244233	30
244242	30
226606	30
237933	30
238055	30
155957	30
249169	30
247187	30
249178	30
249184	30
249191	30
249304	30
240083	40
240084	40
249850	40
250125	30
246606	40
247214	30
245810	30
245890	30
242057	30
242058	30
207425	30
236473	30
243928	30
207431	30
261102	30
207452	40
260972	30
259674	30
261142	30
261124	30
261134	30
261039	30
135893	50
256936	30
256942	30
257832	40
135345	40
258354	30
258362	30
258392	30
258411	30
258453	30
258472	30
258475	30
258479	30
258481	30
244412	30
244432	30
244477	30
238059	30
238771	30
244444	30
244451	30
244472	30
237922	30
251633	40
252026	40
226627	30
252819	30
254758	30
246331	30
245893	40
246805	30
245732	30
249411	30
247551	40
245549	30
245551	30
245552	30
245554	30
245557	30
245561	30
250121	30
249479	30
261143	30
261060	30
261079	30
261094	30
261161	40
261106	30
261117	30
261119	30
261120	30
261121	30
261176	30
207450	30
261009	30
261190	30
261003	30
258482	30
258493	30
252227	30
252585	30
252735	30
253288	30
259478	30
259719	30
260622	30
259028	30
259214	30
259279	30
252254	30
252260	30
252636	30
249919	30
221266	30
253161	30
253165	30
254640	30
243616	30
254808	30
254730	30
252583	30
253219	30
254791	30
251209	30
255386	30
249480	30
246799	30
247633	30
246673	30
247513	30
247482	30
247485	30
245791	30
245795	30
247953	30
246451	30
246365	30
246366	30
246097	30
261004	30
261149	30
261191	30
261192	30
261196	30
260993	30
236563	30
250937	30
250934	30
250938	30
250933	30
250915	30
257444	30
257449	30
259867	30
259868	30
259869	30
260011	30
260042	30
237227	30
253285	40
257667	30
252996	30
259280	30
259286	30
260377	30
260522	40
257050	30
251565	40
156774	40
157585	30
239459	30
239347	30
251971	30
253711	30
242289	30
242290	30
242506	40
256275	30
251879	30
258513	30
258514	30
246264	40
246265	40
247081	30
246041	30
246568	30
226583	30
162351	30
243987	30
163528	30
170396	30
254541	30
254572	30
254584	30
254585	30
257455	30
256911	30
256912	30
256922	30
207484	30
256776	40
256811	10
256871	40
256879	40
257505	30
257508	30
257527	30
257318	30
257061	30
259987	30
259989	30
260051	30
257519	30
256763	30
245506	30
245535	30
238535	30
252601	40
253059	30
237220	30
257909	30
257936	30
256276	30
256277	30
258286	30
256414	30
258518	30
249834	30
250203	30
246873	30
246874	30
247274	30
247331	30
246773	30
247772	30
250340	30
252865	30
252866	30
259293	30
259294	30
259932	30
260552	30
245494	30
259068	30
259911	30
259742	30
260632	30
260691	30
257101	30
257108	30
257400	30
257421	30
257434	30
257435	30
257436	30
257673	30
207485	30
257462	30
257557	30
257660	30
257583	30
257613	30
257636	30
257665	30
256933	30
252251	30
252144	40
255445	40
237978	30
238143	30
242240	30
242241	30
242244	30
238047	30
238102	30
252641	30
238597	30
226512	30
250352	30
250360	30
246801	30
243892	30
243904	30
243910	30
245907	30
245614	30
245617	30
245618	30
245619	30
243804	30
243812	30
243824	30
254710	30
254699	30
254804	30
254881	30
254360	30
254439	30
254440	30
254441	30
254954	30
245572	30
245577	30
245578	30
245582	30
244118	30
257379	30
256544	30
256547	30
256549	30
256585	30
256591	30
257383	30
257605	30
256579	30
256580	30
256584	30
256587	30
256592	30
256903	30
238427	30
239117	30
239126	30
239046	30
257091	30
255403	30
226530	40
242231	30
242232	30
242233	30
242234	30
237814	30
249902	30
243831	30
243832	30
250430	30
247771	30
248791	40
248792	30
248795	30
248796	30
239543	30
242631	30
247859	30
247860	30
250437	30
250495	30
244127	30
244139	30
245571	30
254380	30
254632	30
244140	30
244156	30
244159	30
254297	30
245581	30
244165	30
230580	30
165292	30
165293	30
256904	30
256905	30
256906	30
256909	30
256910	30
256593	30
256728	10
257662	30
256716	30
256720	30
256727	30
257492	40
252940	30
255965	30
249918	30
238093	30
251445	30
237953	30
237954	30
237957	30
239146	30
242430	30
226523	30
225038	30
225039	30
238065	40
255962	30
255967	30
250496	30
249093	30
249094	30
249096	30
249101	30
239351	30
252768	30
242598	30
242605	30
242617	30
242618	30
249108	30
249114	30
250236	30
257148	30
257149	30
258109	40
258114	40
252586	30
260649	30
257552	30
259020	30
259022	30
259156	30
259694	30
259965	40
260677	30
166968	50
259775	40
259646	30
259649	30
259650	30
259653	30
259813	30
259919	30
245537	30
245538	30
245541	30
245542	30
257993	30
257998	30
258015	30
238559	30
237997	30
238072	30
238075	30
238289	30
238257	30
237264	30
238290	30
238305	30
238413	40
243271	30
243294	30
239717	30
245509	30
250253	30
250285	30
249482	30
249483	30
245908	30
246263	30
246567	30
246469	30
249676	30
249830	30
249833	30
260273	30
158727	30
243412	30
243423	30
242932	30
242355	40
243768	30
243781	30
243797	30
243805	30
243717	30
242889	30
242931	30
242950	30
242083	30
242084	30
258018	30
258050	30
251414	30
251417	30
251454	30
251493	30
258034	30
256004	30
256005	30
256006	30
259522	30
259755	30
259756	30
259373	30
226522	30
239194	30
256009	30
252729	30
238388	30
238401	30
245513	30
245514	30
239305	30
256016	30
256794	30
237893	30
259276	30
238097	30
252135	40
257880	30
256972	30
256783	30
256785	30
256786	30
256790	30
158185	30
259005	30
240196	30
256791	30
256795	30
256799	30
256800	30
242085	30
242086	30
242087	30
242090	30
242091	30
245239	30
244584	30
242092	30
242093	30
242094	30
242358	30
243647	40
238479	30
242103	30
259374	30
259138	30
259796	30
259803	30
250908	30
259892	30
259995	40
259633	30
259467	30
252602	30
253121	40
253123	40
256704	30
252545	30
259567	40
239181	30
239182	30
237980	30
226515	30
237530	30
237533	30
237539	30
245510	30
238170	40
238173	40
238174	40
239060	30
239063	30
239211	30
256801	30
256802	30
244136	30
259274	30
259805	30
256806	30
256818	30
256819	30
256820	30
256837	30
256838	30
259518	30
242211	30
242214	30
242099	30
242100	30
242101	30
242102	30
242356	30
242357	30
242242	30
242243	30
242104	30
242105	30
242108	30
242109	30
242112	30
226575	30
259657	30
259574	30
252089	30
252091	30
252093	30
132229	30
259774	40
260369	30
252250	30
255974	30
251363	30
251394	30
258466	30
239213	30
239214	30
239226	30
226514	30
253383	30
256797	30
251857	30
253357	30
253358	30
207572	30
237546	30
207564	30
237463	30
148663	30
242439	30
242639	30
158958	30
158962	30
256841	30
256842	30
256843	30
256844	30
256847	30
256848	30
158496	30
259728	30
259997	30
242418	30
242113	30
242116	30
242117	30
242118	30
254009	30
254221	30
254145	30
253359	30
253627	30
253489	40
253477	40
253483	40
253485	30
253487	30
258471	30
245429	30
245430	30
245438	30
257314	30
257328	30
259148	30
259173	30
258264	40
252470	30
252477	30
252763	40
256702	30
259635	30
237961	30
256394	30
237440	30
237446	30
237465	30
256397	30
258061	30
258077	30
226517	30
256020	30
256021	30
237977	30
243954	30
243959	30
242419	30
242423	30
242424	30
238961	30
260171	30
158594	30
207686	30
256851	30
256852	30
259634	30
252549	30
252551	30
252552	30
252556	30
253488	30
253531	40
253578	30
253602	30
253755	30
254144	30
253470	30
253472	30
253380	30
253736	30
253739	30
253740	30
253763	30
253967	30
258829	40
258402	30
259818	30
259568	30
260341	30
259129	30
260075	30
260089	30
259643	30
259644	30
260502	30
242245	30
242246	30
242247	30
259651	30
260974	40
260973	30
259352	30
259490	30
259493	30
259146	30
259170	30
250596	30
250607	30
256816	30
256823	30
259235	30
238539	30
260125	30
260322	30
256855	30
256856	30
239712	30
239950	30
239953	30
239794	30
239844	30
245546	30
240331	30
158900	30
238384	30
253618	30
253482	30
253492	30
253493	30
253494	30
254405	30
253586	30
253643	30
253500	30
253752	40
253767	30
254270	30
253847	30
253550	30
242251	30
242254	30
260135	30
259761	30
260463	30
260464	30
133476	30
207513	30
237164	30
237890	30
237897	30
251249	30
133913	30
232197	30
172758	30
207631	40
245515	30
237360	30
237466	30
251673	30
251698	30
258078	30
258095	30
259172	40
237563	30
256994	30
256998	30
257819	30
238990	30
255415	30
256278	30
256279	30
256463	30
256469	30
243977	30
244023	30
252322	30
252325	30
252326	30
252339	30
159935	30
159550	30
253990	30
253347	30
253916	30
253379	30
260969	30
260948	30
254446	30
253405	30
253372	30
253373	30
253374	30
254526	30
254538	30
254540	30
252800	30
252805	30
258382	30
259208	30
256699	30
256705	30
259211	30
256646	30
252731	30
259159	30
259213	30
135265	30
259512	30
259520	30
259521	30
257835	30
257843	30
257853	30
249623	30
252584	30
256854	30
256865	30
230584	30
256869	30
259209	30
250200	40
250215	40
232192	30
238429	40
159612	30
242210	30
242212	30
242213	30
207757	30
238989	30
239741	30
239783	30
239786	30
240206	30
242227	30
249481	30
249124	30
246987	30
253596	40
253340	40
253445	30
251909	40
248121	30
248122	30
249451	30
249448	30
249595	30
249597	30
249599	30
249602	30
249609	30
249613	30
220852	30
220853	30
220854	30
220855	30
220856	30
220857	30
220859	30
220961	30
220962	30
220963	30
220964	30
220965	30
220366	30
220367	30
220487	30
220488	30
220489	30
220490	30
220491	30
220492	30
220493	30
220494	30
220495	30
220633	40
220634	30
220635	30
220637	30
220638	50
201481	40
201221	50
240202	30
256387	30
201236	40
201260	50
253395	30
258246	30
257950	30
258080	30
245543	30
245544	30
245559	30
258120	30
241902	30
216457	30
242013	30
242014	30
241931	30
241912	30
241915	30
241916	30
241917	30
241918	30
241919	30
241920	30
254108	30
241701	30
241682	30
220368	30
220455	30
220456	30
220457	30
220458	30
220459	30
220460	40
220598	30
220599	30
220600	30
220601	30
220602	30
220674	30
220675	30
220639	30
220711	30
220712	30
220713	30
220714	30
220795	30
220796	30
220797	30
220798	30
220799	30
220800	30
220801	30
220802	30
220803	30
258149	30
258412	30
257953	30
257954	30
257955	30
202246	40
243401	30
202466	30
202281	30
202282	30
202679	30
252205	30
253109	30
258906	30
241687	30
241691	30
230445	30
218076	30
260309	30
260311	30
242716	30
242027	30
242028	30
242029	30
241984	30
241985	30
241986	30
241987	30
220676	30
220677	30
220678	30
220679	30
220680	30
220681	30
220682	30
220683	30
220779	30
220780	30
220781	30
220782	30
220783	30
220784	30
220902	30
220903	30
220312	30
220313	30
220314	30
220315	30
220316	30
220317	30
220318	30
220319	30
220320	30
220321	30
220322	30
220323	30
257957	30
257958	30
202716	30
257961	30
257962	30
202143	30
244046	30
202718	30
202154	30
253548	30
253551	30
253552	30
253555	30
241856	30
241991	30
241992	30
241993	30
241994	30
256502	30
242045	30
256423	30
226616	30
203542	30
242031	30
242032	30
218390	30
217544	40
217551	40
219942	30
220860	30
220861	30
220862	30
220863	30
220864	30
220967	30
220968	30
220969	30
220970	40
220971	30
220972	30
220369	30
220370	30
220324	30
220496	30
220497	30
220498	30
220499	30
220500	30
259924	30
220640	50
220641	30
220642	30
220643	30
220644	30
220645	30
220715	30
220716	30
241864	30
241865	30
253837	30
241906	30
241907	30
253876	30
241927	30
253756	30
202795	50
254430	30
241928	30
253923	30
254431	30
254026	30
242033	30
242034	30
242035	30
242036	30
242038	30
241947	30
241982	30
241983	30
242039	30
242040	30
242041	30
242042	30
242043	30
242044	30
220371	30
220372	30
220373	30
220374	30
220375	30
220376	30
220377	30
220378	30
220461	30
220462	30
220463	50
220464	30
220465	30
220466	30
220333	30
220334	30
220501	30
220502	30
220646	30
220647	30
220648	30
220649	30
220723	30
220724	30
220725	30
220726	30
220727	30
220728	30
253614	30
253693	30
241943	30
253973	30
241934	30
241937	30
241938	30
241939	30
202884	30
253631	30
253852	30
254086	30
253666	30
241929	30
219140	30
202953	30
219690	30
219501	30
219472	40
219468	30
220939	30
220940	30
220941	30
220942	30
220944	40
220945	30
220946	30
220947	30
220467	30
220468	40
220603	30
220604	30
220605	30
220606	30
220607	30
220684	30
220685	40
220686	30
220687	30
220688	30
220689	30
220690	30
220717	30
220718	30
220719	30
220720	30
220721	30
220722	30
220804	30
220805	30
220806	30
220807	30
220808	30
220809	30
220810	30
253963	30
241903	30
241904	30
202948	30
241905	30
204148	30
246784	30
241967	30
241968	30
242770	40
204168	30
204169	40
204174	30
241999	30
220948	30
220341	30
220342	30
220343	30
220344	30
220345	30
220346	30
220347	30
220348	30
220349	30
220440	30
220430	30
220431	30
220432	30
220691	30
220865	30
220866	30
220867	30
220868	30
220869	30
220870	30
220871	30
220872	30
220873	30
220874	30
220875	30
220876	30
220973	30
220906	30
220907	30
220908	30
220909	30
220910	30
220911	30
220325	30
220326	30
220327	30
220328	30
220329	30
220330	30
220331	30
220332	30
241969	30
242000	30
242001	30
252167	30
245566	30
245567	30
245734	30
245737	30
246028	30
259309	30
259714	30
259225	30
259840	30
259898	30
220433	30
220434	30
220435	30
220436	30
220437	30
220438	30
220439	30
220542	30
220543	30
220544	30
220545	30
220546	30
220547	30
220548	30
220974	30
220975	30
220976	30
220379	30
220380	30
220381	30
220382	30
220383	30
220384	30
220385	30
220469	30
220471	30
220472	30
220473	30
220729	30
220730	30
220731	30
220732	30
220811	30
220812	30
220813	30
220814	30
220815	30
220816	30
220817	30
220818	30
220912	30
220913	30
220914	30
259228	30
259232	30
259241	30
259245	30
259278	30
259037	30
204431	30
259599	30
258870	40
258070	30
259049	30
257110	30
257115	30
260479	30
220571	30
220572	30
220573	30
220574	30
220575	40
220576	30
220577	30
220578	30
220579	30
220049	30
220669	30
220670	30
220671	30
220672	30
220474	30
220475	30
220608	30
220609	30
220610	30
220611	30
220612	30
220613	30
220614	30
220615	30
220692	30
220693	30
220694	30
220695	30
258199	30
260689	30
252267	30
259270	30
260391	30
242543	30
242549	30
259815	30
168173	30
168174	30
256384	30
259893	10
259941	30
245517	30
245657	30
252331	30
259160	30
259880	30
259470	30
259687	30
256388	30
256392	30
258293	30
259003	30
206139	30
259004	30
259198	30
259340	30
220753	30
220754	30
220755	30
220756	30
220757	30
220758	30
220760	30
220832	30
220833	30
220834	30
220835	30
220836	30
220837	30
220838	30
220696	30
220697	30
220698	30
220877	30
220878	30
220879	30
220881	30
220882	30
220883	30
220386	30
220387	30
220388	30
220389	30
220390	30
245518	30
245519	30
245520	30
245523	30
245524	40
259094	30
259103	30
256443	30
256444	30
256446	30
256447	30
256452	30
256075	30
259394	30
208305	30
208317	30
207825	30
207838	30
208004	30
208341	30
207839	30
208407	30
208113	30
207942	30
208699	30
208898	30
209098	30
220839	30
220949	30
220950	30
220952	30
220953	30
220954	30
220955	30
220351	30
220352	30
220353	30
220354	30
220355	30
220356	30
220442	30
220391	30
220392	30
220393	30
220395	30
220396	30
220616	30
220617	30
220618	30
220619	30
220620	30
220621	30
220622	30
220785	30
220884	30
256076	30
256077	30
256078	30
256125	30
256126	30
256456	30
256458	30
256129	30
256130	30
256136	30
256139	30
256143	30
232476	30
232096	30
259184	30
208715	30
208717	40
208724	30
208747	40
208757	30
208961	30
208822	30
245484	30
208627	40
208647	40
209054	30
208648	30
208863	30
209499	30
220443	30
220444	30
220445	30
220446	30
220447	30
220448	30
220449	30
220549	30
220550	30
220551	30
220552	30
220553	30
220554	30
220555	30
220885	30
220886	30
220887	30
220888	30
220889	30
220215	40
220397	30
220623	30
220624	30
220625	30
220626	30
220627	30
220628	30
220699	30
258257	30
259104	30
259105	30
258444	30
258448	30
258462	30
260113	30
259452	30
239869	30
259699	30
259753	30
239870	30
256280	30
207758	30
239868	30
209895	30
257304	40
257343	40
209982	30
209831	30
242309	30
210056	30
243184	30
242206	30
243501	30
243509	40
242299	30
242359	30
242360	30
220556	30
220557	30
220558	30
220580	30
220581	30
220582	30
220583	30
220584	40
220585	30
220586	40
220587	40
220588	30
220589	30
220700	30
220701	30
220702	30
220703	30
220704	30
220705	30
220706	30
220786	30
259817	30
220890	30
220891	30
220892	30
220893	30
220894	30
243245	30
243257	30
243413	30
243419	30
243500	40
243569	30
255383	30
258461	40
257278	30
257500	30
257540	30
239867	30
240308	40
240315	30
242367	30
243037	40
243046	30
242341	30
242384	30
243259	30
242261	30
242262	30
242264	30
242793	40
242265	30
242268	30
242274	30
242275	30
220590	50
220761	30
220762	30
220763	30
220764	30
220765	30
220766	40
220767	30
220768	30
220769	30
220841	30
220842	30
220843	30
220844	30
220895	30
220896	30
220897	30
220898	30
220899	40
220900	30
220901	30
260373	30
220398	30
220399	30
220476	40
220477	30
220478	30
220479	30
240285	30
171375	30
169500	30
252126	30
171371	30
256839	30
259281	30
259282	30
259182	30
252201	30
252257	30
258993	30
259009	30
259010	30
242276	30
242277	30
242278	30
242279	30
242281	30
242282	30
210166	30
242519	30
242283	30
242284	30
242285	30
242286	30
210574	30
242331	30
220845	30
220846	30
220847	30
220848	30
220849	40
220956	30
220957	30
220958	30
220959	30
220960	30
220357	30
220358	30
220359	30
220360	30
220480	30
220481	30
220482	30
220483	30
220484	30
220485	30
220486	30
220629	30
220630	30
220631	30
220632	30
220707	30
220708	30
220709	30
259023	30
259024	30
259359	30
226647	30
257836	30
258396	40
258404	40
259402	30
258458	30
244041	30
244056	30
199639	30
226519	30
240681	30
242332	30
242541	30
242883	30
243421	30
242260	30
246847	30
247017	30
242337	40
211085	30
211487	30
211909	30
211733	30
211795	30
212825	30
220361	30
220362	30
220363	30
220364	30
220365	30
220450	30
220451	30
220452	30
220453	30
220454	30
220592	30
220593	30
220594	30
220710	30
220787	30
220788	30
220790	30
220791	30
220792	30
220793	30
220794	30
220307	30
220308	30
220310	30
220311	30
220400	30
220401	30
240447	30
240470	30
240477	30
240589	30
201942	30
240672	30
240673	30
200853	30
199831	30
200858	30
200957	40
200960	40
256385	30
201480	30
212713	30
256106	30
256499	30
214391	30
214638	30
259189	30
259190	30
259191	30
259194	30
259171	30
216870	30
232474	30
217040	30
216720	40
220596	30
220597	30
220673	30
220770	30
220771	30
220772	30
220773	30
220774	30
220775	30
220776	30
220777	30
220778	30
220850	30
220851	30
256770	30
237378	40
231969	30
259795	30
260389	30
260444	40
229319	30
229327	30
229364	30
229372	30
237583	30
227689	30
227693	30
237664	30
224143	30
224144	30
224145	30
224146	30
224147	30
224148	30
224149	30
224150	40
224151	30
224152	40
224333	30
224334	30
224335	30
224336	40
220741	30
220742	30
220743	40
220744	30
220745	30
220746	30
220747	30
220748	30
220749	30
220750	30
220751	30
220752	30
220826	30
220827	30
231024	30
227416	30
227425	30
227742	30
232025	30
233958	40
231837	30
222695	30
223252	30
232353	30
229703	30
229708	30
229730	30
227510	40
231477	30
230024	30
230047	30
230233	30
231449	30
225047	30
227879	30
227894	30
238625	30
260477	30
232450	30
229633	40
229637	40
224337	30
224338	30
224339	30
224340	30
224341	30
224343	30
224344	30
225154	30
232164	30
232165	30
232166	30
229759	30
224246	30
224027	40
220828	30
220829	30
220830	30
220936	30
220937	30
220938	30
220421	30
220422	30
220423	30
220424	30
220425	30
220426	30
220427	30
220428	30
229731	30
229745	30
229750	30
229850	40
231482	30
230394	30
230395	30
230400	30
230537	30
243486	30
243496	30
243503	30
243504	30
229735	40
229760	40
229914	30
229915	30
229922	30
229939	30
230880	30
259157	30
227648	30
229623	30
232431	30
233244	30
237712	30
245383	30
221690	40
225639	30
225640	30
223317	30
224828	30
224154	30
224155	30
224156	30
224157	30
224158	30
224159	30
224160	30
224161	30
224162	30
220429	30
220532	30
220533	30
220535	30
220536	30
220537	30
220538	30
220539	30
220540	40
220541	30
220570	30
220662	30
220663	40
220664	30
228636	30
229312	40
230627	40
230706	30
231859	30
231649	30
245168	30
229766	30
230442	30
230660	30
230661	30
243513	30
243514	30
230045	30
238381	30
237584	30
231000	30
257806	30
237572	40
237663	30
232281	30
232376	30
231326	30
231332	30
231334	30
245317	30
231517	30
245408	30
224163	40
224164	30
224345	30
224346	30
224347	40
224348	30
224349	30
224350	30
224351	30
224352	30
224353	30
224354	30
224355	40
224356	40
220665	30
220666	30
220667	30
220668	40
220831	30
230518	30
230824	30
233926	30
233931	30
229826	30
231763	30
231886	30
230866	30
224826	30
231446	30
245174	30
230228	30
221725	30
221852	40
230066	30
231626	40
231632	30
231637	30
229664	30
229722	30
230662	30
231190	30
245412	30
232060	30
231098	30
237587	30
237643	30
230343	30
231911	30
237715	30
258088	30
258090	30
258138	30
245120	30
232587	30
239002	30
224357	30
224358	50
224359	30
224360	40
224361	40
224362	40
224363	30
224364	40
224365	40
224366	30
224367	30
224368	40
225968	30
225969	30
224827	30
232378	40
230730	40
231598	40
243995	30
228739	30
228748	30
228749	30
228753	30
228765	30
228800	30
228801	30
228825	30
228955	30
231192	30
231577	30
254607	40
230560	40
231392	30
243525	30
243537	30
243538	30
243545	30
243595	30
243596	30
243604	30
244501	30
232326	40
237639	30
237645	30
257141	30
257147	30
232402	30
259920	30
238776	30
230656	30
230814	50
232468	30
231186	30
231208	30
231210	30
231212	30
227683	30
227697	30
231964	30
227610	30
227646	30
227659	30
227671	30
227720	30
227746	30
224153	30
226420	30
226421	30
229255	30
226520	30
228967	30
228972	30
228973	30
226832	40
230464	40
231349	30
231864	30
230753	30
229723	30
229725	30
227761	30
227768	40
227769	30
227770	30
232365	30
223777	30
220591	30
220534	30
230475	30
231640	30
231800	30
231801	30
231802	30
231803	30
231804	30
231808	30
231812	30
243615	30
230086	30
230100	30
225080	30
225081	30
225086	30
225089	30
229866	30
237646	30
237651	30
257816	30
260543	30
258881	40
232293	30
257658	30
220636	30
224310	30
226417	30
224165	30
224166	30
224168	30
224169	30
224170	30
224171	30
224172	30
224173	30
224174	30
224175	30
224176	30
227771	30
227776	30
227780	30
227786	30
228841	30
228869	30
228882	30
228904	30
244007	30
223954	30
223983	30
224068	30
222033	40
221260	30
244502	30
244517	30
244534	30
244537	30
230238	30
230252	30
232392	30
232662	30
254429	30
232306	30
230317	30
231122	40
232442	30
232446	30
238267	30
237724	30
230309	30
230964	30
230966	30
230203	30
230174	30
230185	30
226366	30
226368	30
226369	40
226370	30
226371	30
226372	40
225970	30
231470	30
231524	30
225018	30
225023	30
225026	30
225084	30
225797	30
224177	40
224178	30
224179	40
224180	30
224181	30
221708	40
229874	30
226538	30
234362	40
229293	30
229297	30
229301	30
229302	30
230592	30
228509	30
228638	30
228752	30
228764	30
229931	30
230588	30
243957	30
231762	30
244546	30
233202	30
231909	30
225090	30
230095	30
243958	30
244154	40
230065	30
230072	30
230075	30
226373	30
226378	40
233590	30
228894	30
228899	30
228510	30
228511	30
227837	30
227895	30
230001	30
227477	30
227196	40
227436	30
227468	30
220915	30
220916	30
220917	30
220918	30
220919	30
220920	30
220921	30
220922	30
220335	30
220336	30
220337	30
220338	30
220339	30
229944	30
227797	30
227810	30
227924	30
227961	30
229035	40
243467	30
243471	30
243479	30
243480	30
243485	30
227405	30
227408	30
227410	30
230080	40
254685	30
230732	40
233381	30
230094	30
231292	30
222311	30
231527	30
231526	30
259826	30
231723	30
231724	30
231725	30
227548	30
230950	30
225033	30
225036	30
227352	30
230972	30
230974	30
228661	30
232023	30
226684	30
226685	30
226691	30
226716	30
233797	30
220340	30
220402	30
220403	30
220404	30
220405	30
220406	30
220503	30
220504	30
220505	30
220507	30
220508	30
220509	30
220510	30
220511	30
230040	30
230049	30
232303	30
225342	30
225383	30
230059	30
234117	30
227976	30
228788	30
227433	30
229303	30
229835	30
229848	30
237716	30
230944	30
230946	30
230130	30
237575	30
231729	30
231732	30
237638	30
237652	30
230511	30
230517	30
230206	30
230207	30
230172	30
232493	30
227580	40
227581	30
229498	30
225379	30
232335	30
226763	30
226775	30
226779	30
226797	30
226798	30
226799	30
227943	30
227948	30
220559	30
220560	30
220561	30
220650	30
220651	30
220652	30
220654	30
220655	30
220656	30
220733	30
220735	30
220736	30
220737	30
220819	30
229892	30
229893	30
227842	30
227850	30
227859	30
227904	30
227908	30
227915	30
227951	30
227968	30
226872	30
226898	30
226916	30
222288	30
232462	30
226833	30
226834	40
258848	40
229757	30
231601	30
237656	30
228535	30
231545	30
237699	30
237700	30
237701	30
237702	30
227639	30
226835	30
226883	30
223256	30
232388	30
232457	30
232014	30
232044	30
226844	30
226884	30
226889	30
231889	30
233710	30
228376	30
222245	30
220820	30
220821	30
220822	30
220823	30
220824	30
220825	30
220923	30
220924	30
220925	30
220926	30
220927	30
259929	30
220407	30
220408	30
230140	30
232443	30
232444	30
243902	30
243913	30
244415	30
230312	30
230571	30
231790	30
225603	30
226668	30
226722	30
230789	30
227645	30
227670	30
257173	30
257180	30
229241	30
229242	30
229243	30
229244	30
230948	30
259828	30
259967	30
260071	30
260162	30
260289	30
222299	30
222908	50
223290	30
227557	30
229891	40
229900	40
230884	30
223225	30
228113	30
230854	30
231002	30
231004	30
232101	30
220409	30
220410	30
220411	30
220412	30
220413	30
220512	30
220513	30
220514	30
220515	30
220516	30
220517	30
220518	30
220519	30
220520	30
225191	30
228134	30
225777	30
231040	30
229897	30
227990	30
227992	30
227993	30
227996	30
227997	30
230888	30
230920	30
230922	30
242796	30
225032	30
237576	30
260626	30
231066	30
231068	30
237554	30
243275	30
231052	30
237670	30
237683	30
237685	30
237687	30
237703	30
237704	30
229467	30
229491	30
231344	30
231345	40
222509	30
225912	30
222355	30
221148	30
232472	30
225099	30
231761	30
225004	30
224129	30
220562	30
220563	30
220564	30
220565	30
220566	30
220567	30
220568	30
220569	30
220738	30
220739	30
220740	30
220928	30
220929	30
220930	30
242803	30
242807	30
242808	30
225164	30
228779	30
227677	30
230278	30
230282	30
230283	30
229714	30
242868	30
242887	30
242888	30
230431	30
237705	30
237706	30
237709	30
237710	30
237711	30
237718	30
237720	30
230510	40
231856	40
229611	30
229622	30
229628	30
229629	30
229632	30
233638	30
224130	30
224131	40
224132	40
224133	30
224134	30
224135	30
224136	30
224137	30
224138	30
224139	30
224140	30
224321	40
224322	40
224323	30
220931	30
220932	40
220933	30
220934	30
220935	30
220414	30
220415	30
220416	30
220417	30
220418	30
220419	30
220420	30
220521	30
220522	40
227998	30
228398	30
223950	30
242823	30
242824	30
242833	30
231945	30
226006	30
231555	30
229627	30
229635	30
229648	30
227057	30
230872	30
230039	40
237723	30
226899	30
229845	40
259871	30
260619	30
227658	50
231604	30
237126	30
230556	30
230342	30
230000	30
258053	30
258066	30
224324	40
224325	30
224326	30
224327	30
224328	30
224329	30
224330	30
224331	30
224332	30
230127	30
232182	30
224141	40
224142	30
220523	30
220524	30
220525	30
220526	30
220527	30
220528	30
220529	30
220530	30
220531	30
220657	30
220658	30
220659	30
220660	30
220661	30
227039	30
228431	40
227319	30
227594	30
227612	30
227672	30
227680	30
228864	30
229201	30
229718	40
229733	30
227834	30
227839	30
225062	30
229473	30
229475	30
229500	30
229504	30
229508	30
229509	50
258104	30
230938	30
227139	30
227145	30
227166	30
223669	30
256717	30
256718	30
224414	40
224415	40
224416	40
232592	30
227322	30
224225	30
224227	30
224228	30
224229	30
224230	30
224231	30
224232	30
224233	30
224109	30
224110	30
224111	30
224112	40
224113	30
224114	30
224115	30
224116	30
224297	30
224298	30
224299	40
224300	40
224301	40
224302	40
225076	30
230319	30
227663	30
225882	30
227124	30
230490	30
230491	30
229202	30
229205	30
229208	30
232273	30
228544	30
228564	30
228612	30
256723	30
256724	30
256725	30
256726	30
256729	30
256730	30
231072	40
256678	30
256859	30
224699	30
227339	30
227344	30
227345	30
227366	30
224234	30
224235	40
224236	30
224417	30
224418	30
224419	30
224420	40
224421	40
224422	30
224423	30
224424	40
224425	30
224426	30
224427	30
224303	40
224304	30
224305	30
224306	30
224307	30
224308	30
224491	30
224492	30
224494	30
231737	30
231855	30
224117	30
224118	30
224119	30
261377	40
233229	30
228417	30
242939	30
228581	30
225883	30
229647	30
229650	30
229656	40
229790	30
229898	30
229214	30
229216	30
229218	30
227368	30
227792	30
227807	30
227854	30
230038	40
227989	30
227228	30
227323	30
227062	30
227081	30
227886	30
227896	30
227966	30
227176	30
224428	30
226173	30
233946	30
233947	30
233949	30
234150	30
229461	30
229483	30
229489	30
230350	30
230642	30
224237	40
224238	30
224239	30
224120	40
224121	40
224122	30
224123	30
224124	30
224125	30
224126	30
224127	30
224128	30
224309	30
224311	40
224312	30
224313	30
224314	30
227812	30
227817	30
227822	30
261455	30
228627	30
228744	30
228751	30
228839	30
228865	30
228888	30
228937	30
244281	30
244309	30
227191	30
231336	30
229752	30
232290	30
228554	30
228576	30
228582	30
232665	30
228363	30
228372	30
228448	30
230347	30
226206	30
224240	30
224241	30
224242	30
224243	40
224244	40
224245	30
224247	40
224248	30
224429	30
224430	30
224431	30
224432	30
224433	30
224434	30
224315	30
224316	30
224317	30
224319	30
224320	40
230741	30
230747	30
230748	30
230749	30
230750	30
231389	30
229678	30
229789	30
229796	30
225952	30
225953	30
225960	30
230008	30
230011	30
230023	30
229325	40
229335	40
229342	40
229356	40
229396	40
229541	40
229219	30
229221	30
232238	30
230046	30
230209	30
230215	30
232146	30
232056	30
232057	30
229245	30
229246	30
229247	30
229248	30
229249	30
229251	30
229252	30
224435	30
224436	30
224437	30
224438	30
224439	30
224440	30
224192	30
229672	30
229743	30
232267	40
232407	30
224251	30
224271	40
224318	30
244333	30
244334	30
230144	30
230145	30
230148	30
230163	30
232413	30
232417	30
233618	30
229982	30
221098	30
221107	30
223855	30
221621	30
229882	30
229883	30
229909	30
227826	30
227827	30
227830	30
220441	30
229910	30
229911	30
225643	30
225658	30
225659	30
225666	30
225669	30
256731	30
256732	30
256679	30
256778	30
256810	30
229338	30
229452	30
233708	30
225082	30
245621	30
232131	40
232022	30
258883	40
225972	30
224384	40
229411	30
229527	30
229564	30
224249	40
224250	30
224252	30
224253	30
224254	30
224255	40
224256	30
224257	30
224258	30
224259	30
221548	30
221576	30
230002	30
230170	30
231034	30
225770	30
225771	30
225042	40
230265	40
229236	30
229237	30
229238	30
229239	30
229213	30
228848	40
232347	30
244138	30
225493	30
228896	30
228907	30
228920	40
229899	30
229916	30
229315	30
229362	30
229375	30
229388	30
229397	30
225973	30
225974	30
225069	30
225070	30
225071	30
231564	30
231565	30
245384	30
245385	30
245386	30
244073	30
220943	30
232268	30
232235	30
224441	30
224442	30
224443	30
224444	30
224445	30
224446	30
224447	30
224448	30
230734	30
224450	30
224451	30
224452	30
224453	30
230384	30
226260	30
226411	30
226516	30
227394	30
227396	30
227399	30
227400	30
225842	30
225848	30
226749	30
226406	30
227001	30
226940	30
226941	30
230348	30
230657	40
231654	30
232123	30
225535	30
225542	30
230083	30
228389	30
228391	30
228500	30
220966	30
222423	30
230302	30
261489	30
229253	30
243760	30
243766	30
243769	30
243770	30
232142	30
231533	30
245131	30
229592	30
229597	30
228909	30
231702	40
228503	30
229638	30
229643	30
232220	30
232103	30
232179	40
232816	40
224261	30
224262	30
224263	30
224264	30
224265	30
224266	40
224267	30
224268	30
226952	30
226972	30
227028	30
226183	30
261449	40
226860	40
226869	40
227111	30
227113	30
227114	30
227115	30
227119	30
227120	30
227121	30
229986	30
230399	30
230402	30
230403	30
230669	30
229428	30
229458	30
229468	30
230349	30
261411	30
244361	30
232518	30
232341	30
230027	30
224183	40
224184	30
224185	30
224186	40
224187	30
224188	30
224369	30
224370	40
224371	30
224372	30
224373	40
224374	40
224375	30
224269	30
224270	30
224272	40
224454	30
224455	30
224456	30
224457	30
224458	30
224459	30
224460	30
224462	30
224463	30
224464	30
224465	30
227126	30
227127	30
226843	30
226913	30
226924	30
227000	30
226944	30
225128	30
225131	30
225808	30
227023	30
227066	30
227086	30
226725	30
230672	30
232448	50
244314	30
232364	30
232373	30
221076	30
225066	30
225074	30
225075	30
228609	30
231428	40
202649	30
221774	30
256809	30
224376	40
224377	30
224378	30
224380	30
226791	30
231530	40
232102	40
227591	30
224379	40
224189	40
224190	30
224191	30
224193	30
224194	30
229649	30
229655	30
229660	30
229666	30
229671	30
224081	30
224082	30
224083	30
224084	30
224085	30
224086	30
224087	30
224088	30
224089	40
226743	30
226676	30
227136	30
227141	30
227142	30
227156	30
227165	30
227180	30
227183	30
227195	30
227202	30
227203	30
226810	30
224980	30
224981	30
229240	30
228313	30
228346	30
228347	30
256733	30
259097	30
225692	30
226927	30
226928	30
223896	30
256680	30
256681	30
224195	30
224196	30
224197	30
224198	30
224199	30
224200	30
224381	50
224382	30
224383	30
224385	40
224386	30
224387	40
224388	30
224389	30
224090	40
224091	30
224092	30
224273	30
224274	40
224275	30
224276	30
224277	30
224278	40
224279	30
224280	30
224281	30
224282	30
224283	30
227109	30
227110	30
227118	30
227133	30
229612	30
229618	30
229631	30
227778	40
227402	30
227471	30
227483	30
227506	30
227515	30
244277	30
256684	30
230084	30
231074	30
231076	30
227144	30
226624	30
226697	30
226701	30
226710	30
226719	30
227772	30
227784	30
227793	30
227806	30
224390	30
224391	30
224392	40
226986	30
226997	30
227007	40
226718	30
226720	40
226721	30
226730	40
226734	40
226747	40
226807	30
227604	30
224284	40
224466	30
224467	30
224468	30
224469	30
224470	30
224471	30
224472	30
224473	30
224474	30
224475	30
224476	30
224477	30
224478	30
225057	30
225061	30
227226	30
227236	30
227251	30
227269	30
225060	30
225063	30
225068	30
227295	30
227300	30
227308	40
227309	30
261473	30
227809	30
228290	30
228293	30
228299	30
228302	30
228303	30
228378	40
228392	40
228401	30
228427	30
256735	30
228515	30
228541	30
228577	30
227626	30
224226	30
224201	30
224202	30
224203	30
224204	30
224205	30
224206	30
224207	30
224208	30
224209	30
224210	30
224211	30
224212	30
231627	30
231628	40
231629	30
229833	30
229834	30
229842	30
229857	30
229860	30
225552	30
224094	40
224095	40
224096	40
224097	30
224098	30
227215	30
227237	30
227241	30
227248	30
227259	30
227268	30
227271	30
227279	30
227289	30
227298	30
227307	30
227164	30
227174	30
227206	30
228594	30
228602	30
232452	40
232455	40
259248	30
223904	30
228024	30
228025	30
229644	40
229645	30
229652	30
258027	30
222149	30
227913	30
224393	40
224394	30
224395	30
224396	30
224397	30
224398	30
224399	30
224400	30
224401	40
224402	40
224403	30
224404	30
230226	30
225003	30
224099	30
224100	40
224101	30
224102	30
224103	30
224104	30
224285	40
224286	30
224287	40
224288	30
224289	30
224290	30
224291	40
224292	30
227261	30
226274	30
226290	30
244346	30
227798	30
227799	30
227953	30
227964	30
227965	30
227973	30
227516	30
227532	30
227537	30
227544	30
227947	30
227954	30
227957	30
231468	30
228457	30
228644	30
228338	40
229068	40
229132	40
227122	30
227161	30
227567	30
227643	30
227825	30
224216	30
225283	30
224998	30
231160	30
232451	30
243432	30
227488	30
232520	30
224213	30
224214	30
224215	30
224217	30
224218	30
224293	30
224294	40
224295	30
224296	30
224479	30
224480	30
224481	30
224482	30
224483	30
224484	30
224485	30
224486	30
224487	30
260955	30
226861	30
226863	30
226868	30
226871	30
226887	30
226894	30
226900	30
227311	30
228328	30
227299	30
227482	40
227536	40
227574	40
227844	30
227177	40
227187	40
227216	40
227217	40
226750	40
223840	30
223925	30
223770	30
223868	30
227326	30
227338	30
229344	30
229432	30
224219	30
224220	30
224221	30
224222	30
224223	30
224405	30
224406	40
224407	30
224408	40
224409	30
224410	30
224411	30
224412	30
224413	30
224488	30
224489	30
224490	30
231431	30
231599	30
225680	30
231276	30
231278	30
231280	30
224105	30
224106	30
224107	30
224108	30
227598	40
227621	40
227669	40
226252	30
226253	40
227561	30
227569	30
227575	30
227629	30
227657	30
227636	30
227675	30
227703	30
228806	40
221247	30
221248	30
221249	30
221250	30
221251	30
221252	30
221253	30
221254	30
221436	30
221437	30
221438	30
221439	30
221440	30
221441	30
221840	30
221841	30
221842	30
221843	30
221844	30
221845	30
221846	30
221847	40
222029	30
222030	40
222031	30
222032	30
222034	30
222035	30
227712	30
227713	30
231250	30
231414	30
244548	30
244558	30
244562	30
244615	30
227481	30
227487	40
227523	40
227556	40
244134	30
244149	30
221031	30
221032	30
221033	30
221034	30
221035	30
221036	30
221037	30
221038	30
221039	30
221230	30
221231	30
221232	30
221233	30
221234	30
221442	30
221443	30
221444	30
221445	30
221446	30
221447	30
221632	30
221633	30
221634	30
221635	30
221636	40
221637	30
221638	30
221640	40
222036	30
222037	40
222038	30
222039	30
222040	40
222223	30
222224	30
222225	30
222226	30
222227	40
222228	30
222229	30
222230	30
222231	30
245322	30
244163	30
244285	30
231950	30
243532	30
228412	30
228413	30
230019	30
230042	30
230043	30
227860	30
228935	30
228963	30
231357	30
221235	30
221236	30
221237	30
221238	30
221239	30
221240	30
221241	30
221423	30
221424	30
221425	30
221426	30
221427	30
221428	30
221429	40
221641	30
221642	30
221643	30
221824	30
221825	30
221826	30
221827	30
221828	30
221829	30
221830	30
221831	30
221832	30
221833	30
221834	30
222232	30
222233	30
222234	30
222235	30
222417	30
222418	30
222419	30
222420	30
222421	30
222422	30
222424	30
222425	30
222426	30
222427	30
231362	30
227623	30
227682	30
230555	30
244519	40
224056	40
232016	30
231962	30
232282	30
232152	40
232163	40
232020	30
244291	30
243623	30
221430	30
221431	30
221432	30
221433	30
221434	30
221435	30
221619	30
221620	30
221622	30
221623	30
221624	30
221625	30
221626	30
221627	30
221835	30
222016	30
222017	30
222018	30
222019	30
222020	30
222021	30
222022	40
222023	30
222024	40
222025	40
222026	40
222027	40
222428	30
222621	30
222622	30
222623	30
222624	30
222625	30
222626	30
222627	30
222628	30
222629	30
222630	30
222631	30
222632	30
222813	30
228112	30
228116	30
231587	30
231370	30
245022	40
245025	40
231166	30
231897	30
232121	40
230651	30
243785	30
231998	30
243588	30
243601	30
221629	30
221630	30
221631	30
221812	30
221813	30
221814	30
221815	30
221816	30
221817	30
221818	30
221819	30
221820	30
221821	30
222028	30
222211	30
222212	30
222213	30
222214	30
222215	30
222216	30
222217	30
222218	30
222219	30
222220	30
222221	30
222222	30
222405	30
223202	30
223203	30
223204	30
223205	30
223206	30
223207	30
223208	30
223389	30
223390	30
223391	30
223392	30
223393	30
223394	30
223395	30
244404	30
244520	30
243634	30
228898	30
228903	30
228908	30
221125	30
230579	30
244834	30
243990	30
244003	30
244018	30
244557	30
221822	30
221823	30
222004	40
222005	30
222006	30
222007	30
222008	30
222009	30
222010	30
222011	30
222012	40
222013	30
222015	30
222199	30
222406	30
222407	30
222408	30
222409	30
222410	30
222411	30
222412	30
222413	30
222414	30
222415	30
222416	30
222609	30
222610	30
222611	30
222814	30
222815	30
222816	30
222817	30
222818	30
222819	30
222820	30
222821	30
222822	30
222823	30
222824	30
223005	30
223006	30
223007	30
221963	30
230681	30
230691	30
232311	30
232158	30
232086	30
232090	30
229960	30
229113	30
232270	30
232427	30
232428	30
256325	30
231251	30
222200	30
222201	30
222202	30
222203	30
222204	30
222205	30
222206	30
222207	30
222208	30
222209	30
222210	30
222393	30
222394	30
222612	30
222613	30
222614	30
222615	30
222616	30
222617	30
222618	30
222619	30
222620	30
222801	30
222802	30
222803	30
222804	30
222805	30
223008	30
223009	30
223010	30
223011	30
223012	30
223013	30
223014	30
223015	30
223016	30
223197	30
223198	30
223199	30
223200	30
223201	30
231254	30
231259	30
230114	30
230425	30
230799	30
230572	50
245123	30
231356	30
244815	30
232253	30
230705	30
246387	30
229839	30
229869	30
222395	30
222396	30
222397	30
222398	30
222399	30
222400	30
222401	30
222402	30
222403	30
222404	30
222597	30
222598	30
222599	30
222600	30
222806	30
222807	30
222808	30
222809	30
222810	30
222811	30
222812	30
222993	30
222994	30
222995	30
222996	30
222997	30
223000	30
223002	30
223396	30
223397	30
223398	30
223399	30
223400	30
223581	30
223582	30
223583	30
223584	30
223585	30
223586	30
223587	30
223588	30
223589	30
245357	30
244816	30
231639	30
244804	30
244912	30
244879	40
232162	30
230618	30
230622	30
231215	40
232261	30
222585	30
222586	30
222587	30
222601	30
222602	30
222603	30
222604	30
222605	30
222606	30
222607	30
222608	30
222789	30
222790	30
222791	30
222792	30
222793	30
222794	30
223003	30
223004	30
223185	30
223186	30
223187	30
223188	30
223189	30
223190	30
223191	30
223192	30
223193	30
223194	30
223195	30
223196	30
228523	30
228531	30
244931	30
232051	30
224017	30
222259	30
222271	30
222295	30
222318	30
227721	30
227723	30
227726	30
227731	30
222588	30
222589	30
222590	30
222591	30
222592	40
222593	30
222594	30
222595	30
222596	30
222777	30
222778	30
222779	30
222780	30
222781	30
222795	30
222796	30
222797	30
222798	30
222799	30
222800	30
222981	30
222982	30
222983	30
222984	30
222985	30
222986	30
222987	30
222988	30
223377	30
223378	30
223379	30
223380	30
223381	30
223382	30
223383	30
223384	30
223385	30
223386	30
223387	30
223388	30
223569	30
223570	30
227738	30
230087	30
230090	30
244268	30
244312	30
244319	30
244348	30
231424	30
243773	30
243775	30
243776	30
243779	30
243780	30
243790	30
222782	30
222783	30
222784	30
222785	30
222786	30
222787	30
222788	30
222969	30
222970	30
222971	30
222972	30
222973	30
222974	30
222989	30
222990	30
222991	30
222992	30
244836	30
223173	30
223174	30
223175	30
223176	30
223177	30
223178	30
223179	30
223180	30
223571	30
223572	30
223573	30
223574	30
223575	30
223576	30
223577	30
223578	30
223579	30
223580	30
223763	30
223764	30
223765	30
223766	30
231534	30
227365	30
245327	30
245337	30
230480	30
230481	30
230482	30
245387	30
245388	30
245389	30
245390	30
232008	30
228534	30
232076	30
222975	30
222976	30
222977	30
222978	30
222979	30
222980	30
223161	30
223162	30
223163	30
223164	30
223165	30
223166	30
223167	30
223168	30
223181	30
223182	30
223183	30
223184	30
223365	30
223366	30
223367	30
223368	30
223369	30
223370	30
223371	30
223372	30
223373	30
223767	30
223768	30
223769	30
223771	30
223772	30
223773	30
223774	30
224057	30
224058	30
224059	30
224060	40
224061	30
224062	30
243248	40
244040	30
244105	30
244120	30
246887	30
231023	30
231026	30
231708	30
232206	30
232207	30
230477	30
226917	30
244363	30
226518	30
223169	30
223170	30
223171	30
223172	30
223353	30
223354	30
223355	30
223356	30
223357	30
223358	30
223359	30
223360	30
223361	30
223362	30
223374	30
223375	30
223376	30
223557	30
223558	30
223559	30
223560	30
223561	30
223562	30
223563	30
223564	30
223566	30
223567	30
224063	30
224064	30
224065	40
224066	30
224067	30
221052	30
221054	30
221055	30
221056	30
221057	30
221058	30
221059	30
221060	30
221061	30
243463	30
243793	30
243803	30
227787	30
231522	30
227424	30
229598	30
229599	30
229602	40
229603	30
229604	30
229605	30
244418	30
223363	30
223364	30
223545	30
223546	30
223547	30
223548	30
223549	30
223550	30
223552	30
223553	30
223554	30
223555	30
223556	30
223739	30
223568	30
223751	30
223752	30
223753	30
223754	30
223755	30
223756	30
223757	30
223758	30
223759	30
223760	30
223761	30
223762	30
224021	30
221062	30
221063	30
221064	30
221255	40
221256	40
221257	40
221258	30
221259	30
221261	30
221262	30
221263	40
221264	30
221265	30
221448	30
231990	30
231846	30
232390	30
226845	30
226858	30
243474	30
230506	40
231961	30
243571	30
243633	30
232236	30
232237	30
232305	30
244631	40
223740	40
223741	30
223742	30
223743	30
223744	30
223745	30
223746	30
223747	30
223748	30
223749	30
223750	30
223936	30
223937	30
224022	40
224023	40
224024	30
224025	40
224026	30
224028	30
224029	30
224030	30
224031	30
224032	30
221040	30
221041	30
221042	30
221449	30
221450	30
221451	30
221452	30
221453	30
221454	30
221455	30
221456	30
221457	30
221458	30
221459	30
221644	30
221645	30
221646	30
233730	30
233731	30
233734	30
233735	30
233736	30
243036	30
243053	30
243056	30
230467	30
230486	30
230523	40
231543	30
228158	30
231523	30
223938	30
223939	30
223940	30
223941	30
223942	30
223943	30
223944	30
223945	30
223946	30
223947	30
221027	30
221028	30
221029	30
221030	30
221043	40
221044	30
221045	30
221046	30
221047	30
221048	30
221049	30
221050	30
221051	30
221242	30
221243	30
221244	30
221245	30
221246	30
221647	30
221648	40
221649	30
221650	30
221651	30
221652	30
221653	30
221654	30
221655	30
221836	30
221837	30
221838	30
221839	30
229606	30
229608	30
229621	30
230638	30
230714	40
244475	30
231703	30
244129	30
243085	30
243089	30
231479	30
231518	30
227705	30
227709	30
223434	30
223435	30
223436	30
223617	30
223618	30
223619	30
223620	30
223621	30
223622	30
223623	30
223624	30
223625	30
223626	30
223627	30
223969	30
223970	30
223971	30
223972	30
221116	30
221117	30
221118	30
221119	30
221120	30
221121	30
221122	30
221123	30
221124	30
221126	30
222435	30
222436	30
222437	30
222438	30
222439	30
222440	30
222633	30
222634	30
222635	30
222636	30
222637	30
222638	30
222639	30
222847	30
222848	30
223029	30
223030	30
223032	30
223033	30
223034	30
223035	30
223036	30
223037	30
223038	30
223039	30
223040	30
223221	30
223628	30
223812	30
223813	30
223814	30
223815	30
223816	30
223817	30
223818	30
223819	30
223820	30
223821	30
223822	30
223823	30
223948	30
221127	30
221128	30
221315	30
221316	30
221317	30
221318	30
221319	30
221320	30
221321	30
221322	30
221323	30
221324	40
221325	30
221326	30
222640	30
222641	30
222642	30
222643	30
222644	30
222825	30
222826	30
222827	30
222828	30
222829	30
222830	30
222831	30
222832	30
222833	30
223222	30
223223	30
223224	30
223226	30
223227	30
223228	30
223229	30
223230	30
223231	30
223232	30
223413	30
223414	30
223415	30
223949	30
223951	30
223952	30
223953	30
223955	30
223956	30
223957	30
223958	30
223959	30
221103	30
221104	30
221105	30
221106	30
221508	30
221509	30
221510	30
221511	30
221512	30
221513	30
221514	30
221515	30
221516	30
221517	30
221518	30
221519	30
221704	30
222834	30
222835	30
222836	30
223017	30
223018	30
223019	30
223021	30
223022	30
223023	30
223024	30
223025	30
223026	30
223027	30
223028	30
223416	30
223417	30
223418	30
223419	30
223420	30
223421	30
223422	30
223423	30
223424	30
223605	30
223606	30
223607	30
223608	30
223609	30
221108	30
221109	30
221110	30
221111	30
221112	30
221113	30
221114	30
221115	30
221303	30
221304	30
221305	30
221306	30
221307	30
221308	30
221705	50
221706	40
221707	40
221709	40
221710	30
221711	30
221712	30
221713	40
221714	30
221715	30
221896	30
221897	30
221898	30
221899	30
223209	30
223210	30
223211	30
223212	30
223213	30
223214	30
223215	30
223216	30
223217	30
223218	30
223219	30
223220	30
223401	30
223402	30
223610	30
223611	30
223612	30
223613	30
223614	30
223615	30
223616	30
223800	30
223801	30
223802	30
223803	30
223804	30
223805	30
223806	30
221309	30
221310	30
221311	30
221312	30
221313	30
221314	30
221496	30
221497	30
221498	30
221499	30
221500	30
221501	30
221502	30
221503	30
222294	30
222477	30
222478	30
222479	30
222480	30
222481	30
222482	30
222483	30
222484	30
222485	30
222486	30
222487	30
222488	30
222681	30
223403	30
223404	30
223405	30
223406	30
223407	30
223408	30
223409	30
223410	30
223411	30
223412	30
223593	30
223594	30
223595	30
223596	30
223807	30
223808	30
223809	30
223810	30
223811	30
224045	40
224046	30
224047	30
224048	30
224049	30
224050	40
224051	40
224052	30
221505	30
221506	40
221507	30
221692	30
221693	30
221694	30
221695	30
221696	30
221697	30
221698	40
221699	30
221700	30
221701	30
221702	40
221900	30
221901	30
221902	30
221903	30
221904	30
221905	40
221906	30
221907	30
222089	30
222090	30
222091	30
222092	30
222094	30
222095	30
223597	30
223598	30
223599	30
223600	30
223601	30
223602	30
223603	30
223604	30
223787	30
223788	30
223789	30
223790	30
223791	30
223792	30
224053	40
224054	30
224055	30
221090	30
221091	30
221092	30
221093	30
221094	30
221095	30
221096	30
221097	30
221099	30
221100	30
221703	30
221884	30
221885	30
221886	30
221887	30
221888	30
221889	30
221890	30
221891	30
221892	30
221893	30
221894	30
221895	30
222077	30
222096	30
222097	30
222098	30
222099	30
222100	30
222284	30
222285	30
222286	30
222287	30
222289	30
222290	30
222291	30
222292	30
222293	30
223793	30
223794	30
223795	30
223796	30
223797	30
223798	30
223799	30
224033	30
224034	30
224035	40
224036	30
224037	30
224038	30
224039	30
221101	30
221102	30
221291	30
221292	40
221293	30
221294	30
221295	30
221296	30
221298	30
221299	30
221300	40
221301	40
221302	40
221484	30
222078	30
222079	30
222080	30
222081	30
222082	30
222083	30
222084	30
222085	30
222086	30
222087	30
222088	30
222272	30
222273	30
222274	30
222682	30
222683	30
222684	30
222685	30
222686	30
222687	30
222688	30
222689	30
222690	30
222691	30
222692	30
222872	30
222873	30
222874	30
224040	30
224041	30
224042	30
224043	30
224044	30
221077	30
221078	30
221079	30
221080	30
221081	30
221082	30
221083	30
221084	30
221485	30
221486	40
221487	30
221488	40
221489	30
221490	30
221491	30
221492	30
221493	30
221494	30
221495	40
221681	30
221682	30
221683	30
222275	30
222276	30
222277	30
222278	30
222279	30
222280	30
222281	30
222282	30
222283	30
222466	30
222467	30
222468	30
222469	30
223590	30
223591	30
223592	30
223775	30
223776	30
223778	30
223779	30
223780	30
223781	30
223782	30
223783	40
223784	30
223785	30
223786	30
221085	30
221086	30
221087	30
221088	30
221089	30
221279	30
221280	30
221281	30
221282	40
221283	30
221284	40
221285	30
221286	30
221287	30
221684	40
221685	40
221686	40
221687	30
221688	40
221689	30
221691	30
221872	30
221873	30
221874	30
221875	30
221876	30
221877	30
221878	30
222470	30
222471	30
222472	30
222473	30
222474	30
222475	30
222476	30
222669	30
222670	30
222671	30
222672	30
222673	30
222674	30
224069	40
224070	30
224071	40
224072	30
224073	30
224074	30
224075	30
224076	30
224077	40
224078	30
224079	30
224080	40
221065	30
221066	30
221288	40
221289	30
221290	30
221472	30
221473	30
221474	30
221475	30
221477	30
221478	30
221479	30
221480	30
221481	30
221482	30
221483	30
221879	30
221880	30
221881	30
221882	30
221883	30
222065	30
222066	30
222067	30
222068	30
222069	30
222070	30
222071	30
222072	30
222073	30
222675	30
222676	30
222677	30
222678	30
222679	30
222680	30
222860	30
222861	30
222862	30
222863	30
222864	30
222865	30
222867	30
222868	30
221067	30
221068	30
221069	30
221070	30
221071	30
221072	30
221073	30
221074	30
221075	30
221267	30
221268	30
221269	40
221270	50
221271	40
221668	30
221669	40
221670	30
221671	40
221672	40
221673	30
221674	30
221675	40
221676	40
221677	30
221678	40
221679	30
221860	30
222074	30
222075	30
222076	30
222260	30
222261	30
222262	30
222263	30
222264	30
222265	30
222266	30
222267	30
222268	30
222269	30
222270	30
222869	30
222870	30
222871	30
223053	30
223054	30
223055	30
223056	30
223057	30
223058	30
223059	30
223060	30
223061	30
223062	30
223063	30
221272	40
221273	40
221274	30
221275	30
221276	40
221277	30
221278	30
221460	30
221461	30
221462	30
221463	30
221464	30
221465	30
221466	30
221861	30
221862	40
221863	30
221864	30
221865	30
221866	30
221867	30
221868	30
221869	30
221870	30
221871	30
222053	30
222054	30
222453	30
222454	30
222455	30
222456	30
222457	30
222458	30
222459	30
222460	30
222461	30
222462	30
222463	30
222464	30
222657	30
222658	30
223064	30
223245	30
223246	30
223247	30
223248	30
223249	30
223250	30
223251	30
223253	30
223254	30
223255	30
223437	30
223438	30
223439	30
221467	30
221468	30
221469	30
221470	40
221471	30
221656	40
221657	30
221658	30
221659	30
221660	30
221661	30
221662	40
221663	30
221664	30
222055	30
222056	30
222057	30
222058	30
222059	30
222060	30
222061	30
222062	30
222063	30
222064	30
222248	30
222249	30
222250	30
222251	30
222659	30
222660	30
222661	30
222662	30
222663	30
222664	30
222665	30
222666	30
222667	30
222668	30
222849	30
222850	30
222851	30
223440	30
223441	30
223442	30
223443	30
223444	30
223445	30
223446	30
223447	30
223448	30
223629	30
223630	30
223631	30
223632	30
223633	30
221665	40
221666	30
221667	30
221848	30
221849	30
221850	30
221851	30
221853	40
221854	30
221855	40
221856	30
221857	30
221858	40
221859	40
222252	30
222253	30
222254	30
222255	30
222256	30
222257	30
222258	30
222441	30
222442	30
222443	30
222444	30
222445	30
222446	30
222852	30
222853	30
222854	30
222855	30
222856	30
222857	30
222858	30
222859	30
223041	30
223042	30
223043	30
223044	30
223045	30
223046	30
223634	30
223635	30
223636	30
223637	30
223638	30
223639	30
223640	30
223824	30
223825	30
223826	30
223827	30
223828	30
223829	30
223830	30
222042	30
222043	30
222044	30
222045	30
222046	30
222047	30
222048	30
222049	30
222050	30
222051	30
222052	30
222236	30
222237	30
222238	30
222447	30
222448	30
222449	30
222450	30
222451	30
222452	30
222645	30
222646	30
222647	30
222648	30
222649	30
222650	30
222651	30
222652	30
223047	30
223048	30
223049	30
223050	30
223051	30
223052	30
223233	30
223234	30
223235	30
223236	30
223237	30
223238	30
223239	30
223831	30
223832	30
223833	30
223834	30
223835	30
223960	30
223961	30
223962	30
223963	30
223964	30
223965	30
223966	30
223967	30
223968	30
222239	30
222240	30
222241	30
222242	30
222243	30
222244	30
222246	30
222247	30
222429	30
222430	30
222431	30
222432	30
222433	30
222434	30
222653	30
222654	30
222655	30
222656	30
222837	30
222838	30
222839	30
222840	30
222841	30
222842	30
222843	30
222844	30
222845	30
222846	30
223240	30
223241	30
223242	30
223243	30
223244	30
223425	30
223426	30
223427	30
223428	30
223429	30
223430	30
223431	30
223432	30
223433	30
222134	30
222135	30
222136	30
222137	30
222320	30
222321	30
222322	30
222323	30
222324	30
222325	30
222326	30
222327	30
222328	30
222329	30
222730	30
222731	30
222732	30
222733	30
222734	30
222735	30
222736	30
222737	30
222738	30
222739	30
222740	30
222921	30
222922	30
222923	30
221526	30
221527	30
221528	40
221529	30
221530	30
221531	30
221716	40
221717	30
221718	40
221719	40
221720	40
221721	40
221722	30
221920	30
221921	30
221922	40
221923	30
221924	30
221925	30
221926	30
221927	30
221928	30
221929	30
221930	30
221931	30
222114	30
222330	30
222331	30
222513	30
222514	30
222515	30
222516	30
222517	30
222518	30
222519	30
222520	30
222521	30
222522	30
222523	30
222524	30
222924	30
222925	30
222926	30
222927	30
222928	30
222929	30
222930	30
222931	30
222932	30
223113	30
223114	30
223115	30
223116	30
223117	30
221723	30
221724	30
221726	30
221727	30
221908	30
221909	30
221910	30
221911	30
221912	30
221913	40
221914	30
221915	30
221916	30
221917	30
222115	30
222116	30
222117	30
222118	30
222119	30
222120	40
222121	30
222122	30
222123	30
222124	30
222125	30
222308	30
222309	30
222310	30
222717	30
222718	30
222719	30
222720	30
222721	30
222722	30
222723	30
222724	30
222725	30
222726	30
222727	30
222728	30
222909	30
222910	30
223118	30
223119	30
223120	30
223121	30
223122	30
223123	30
223124	30
223305	30
223306	30
223307	30
223308	30
223309	30
223310	30
223311	30
221918	40
221919	30
222101	30
222102	30
222103	30
222104	30
222105	30
222106	30
222107	30
222108	30
222109	30
222110	30
222111	30
222112	30
222312	30
222313	30
222314	30
222315	30
222316	30
222317	30
222319	30
222501	30
222502	30
222503	30
222504	30
222505	30
222506	40
222507	30
222911	30
222912	30
222913	30
222914	30
222915	30
222916	30
222917	30
222918	30
222919	30
222920	30
221680	40
223101	30
223102	30
223103	30
223312	30
223313	30
223314	30
223315	30
223316	30
223497	30
223498	30
223499	30
223500	30
223501	30
223502	30
223503	30
223504	30
223505	30
222113	30
222296	30
222297	30
222298	30
222300	30
222301	30
222302	30
222303	30
222304	30
222305	30
222306	30
222307	30
222489	30
222508	30
222510	30
222511	30
222512	30
222705	30
222706	30
222707	30
222708	30
222709	30
222710	30
222711	30
222712	30
222713	30
223104	30
223105	30
223106	30
223107	30
223108	30
223109	30
223110	30
223111	30
223112	30
223293	30
223294	30
223295	30
223296	30
223297	30
220979	30
220980	30
220981	30
220982	30
220983	30
220984	30
220985	30
220986	30
220987	30
220988	30
221180	30
221181	30
221182	30
221183	30
222490	30
222491	30
222492	30
222493	30
222494	30
222495	30
222496	30
222497	30
222498	30
222499	30
222500	30
222693	30
222694	30
222696	30
222714	30
222715	30
222716	30
222897	30
222898	30
222899	30
222900	30
222901	30
222902	30
222903	30
222904	30
222905	30
222906	30
222907	30
223298	30
223299	30
223300	30
223301	30
223302	30
223303	30
223304	30
223485	30
223486	30
223487	30
223488	30
223489	30
223490	30
223491	30
223506	30
223507	30
223508	30
223690	30
223691	30
223692	30
223693	30
223694	30
223695	30
223696	30
223697	30
223698	30
223699	30
223700	40
222697	30
222698	30
222699	30
222700	30
222701	30
222702	30
222703	30
222704	30
222885	30
222886	30
222887	30
222888	30
222889	30
222890	30
223089	30
223090	30
223091	30
223092	30
223093	30
223094	30
223095	30
223096	30
223097	30
223098	30
223099	30
223100	30
223281	30
223282	30
223492	30
223493	30
223494	30
223495	30
223496	30
223678	30
223679	30
223680	30
223681	30
223682	30
223683	30
223684	30
223685	30
223701	30
223886	30
223887	30
223888	30
223889	30
223890	30
223891	30
223892	30
223893	30
223894	30
223895	30
223897	30
220977	30
220978	40
222891	30
222892	30
222893	30
222894	30
222895	30
222896	30
223077	30
223078	30
223079	30
223080	30
223081	30
223082	30
223083	30
223084	30
223283	30
223284	30
223285	30
223286	30
223287	30
223288	30
223289	30
223291	30
223292	30
223473	30
223474	30
223475	30
223476	30
223477	30
223686	30
223687	30
223688	30
223689	30
223873	30
223874	30
223875	30
223876	30
223877	40
223878	40
223879	30
223880	30
223881	30
223882	30
221184	30
221185	30
221186	30
221187	30
221188	30
221189	30
221190	30
221191	30
221375	30
221376	30
221377	40
221378	30
221379	40
221380	30
223085	30
223086	30
223087	30
223088	30
223269	30
223270	30
223271	30
223272	30
223273	30
223274	30
223275	30
223276	30
223277	30
223278	30
223478	30
223479	30
223480	30
223481	30
223482	30
223483	30
223484	30
223665	30
223666	30
223667	30
223668	30
223670	30
223671	30
223883	30
223884	30
223885	30
224009	40
224010	30
224011	30
224012	30
224013	30
224014	30
224015	30
224016	30
224018	30
224019	30
224020	30
222875	30
222876	30
222877	30
222878	30
222879	30
222880	30
222881	30
222882	30
222883	30
222884	30
223065	30
223066	30
223067	30
223068	30
223279	30
223280	30
223461	30
223462	30
223463	30
223464	30
223465	30
223466	30
223467	30
223468	30
223469	30
223470	30
223471	30
223472	30
223672	30
223673	30
223674	30
223675	30
223676	30
223677	30
223861	30
223862	30
223863	30
223864	30
223865	30
223866	30
223867	30
221167	30
221168	30
221169	30
221170	30
221171	30
221172	30
221173	30
221174	30
221175	30
221176	30
221177	30
221178	30
221179	30
221363	30
223069	30
223070	30
223071	30
223072	30
223073	30
223074	30
223075	30
223076	30
223257	30
223258	30
223259	30
223260	30
223261	30
223262	30
223653	30
223654	30
223655	30
223656	30
223657	30
223658	30
223659	30
223660	30
223661	30
223662	30
223663	40
223664	30
223848	40
223849	30
223869	30
223870	30
223871	30
223872	30
223997	30
223998	30
223999	30
224000	30
224001	30
224002	30
224003	30
224004	30
224005	30
224006	30
221364	30
221365	30
221366	30
221367	30
221368	30
221369	30
221370	30
221371	40
221372	30
221373	30
221374	30
221557	30
221558	30
221559	30
223263	30
223264	30
223265	30
223266	30
223267	30
223268	30
223449	30
223450	30
223451	30
223452	30
223453	30
223454	30
223455	30
223456	30
223850	30
223851	30
223852	30
223853	30
223854	30
223856	30
223857	30
223858	30
223859	30
223860	30
223985	30
223986	30
223988	30
223989	40
224007	30
224008	30
221155	30
221156	30
221157	30
221158	30
221159	30
221160	30
221161	30
221162	30
221163	30
221164	30
221165	30
221166	30
221560	30
221561	30
221562	30
221563	30
221564	30
221565	30
221566	30
221567	30
221568	30
221569	30
221752	30
221753	30
221754	40
223457	30
223458	30
223459	30
223460	30
223641	30
223642	30
223643	30
223644	30
223645	30
223646	30
223647	30
223648	30
223649	30
223990	30
223991	30
223992	30
223993	30
223994	30
223995	40
223996	30
221142	30
221143	30
221144	30
221145	30
221147	30
221149	30
221150	30
221351	30
221352	30
221353	40
221354	30
221355	40
221356	30
221357	30
221358	30
221359	30
221360	30
221361	30
221362	30
221545	30
221546	30
221755	30
221756	30
221757	40
221758	30
221759	30
221760	40
221761	40
221762	30
221763	30
221944	30
221945	30
221946	30
221947	30
221948	30
223650	30
223651	30
223652	30
223836	30
223837	30
223838	30
223839	30
223841	30
223842	30
223843	30
223844	30
223845	30
223846	30
223847	30
221151	30
221152	30
221153	30
221154	30
221339	30
221340	30
221341	40
221342	30
221343	30
221344	30
221345	30
221346	30
221347	30
221348	30
221547	30
221549	30
221550	30
221551	30
221552	30
221553	30
221554	30
221555	30
221556	30
221740	40
221741	40
221742	40
221743	30
221744	30
221949	30
221950	30
221951	30
221952	30
221953	30
221954	30
221955	30
222138	30
222139	30
222140	30
222141	30
222142	30
222143	30
222144	30
223973	30
223974	30
223975	30
223976	30
223977	40
223978	30
223979	30
223980	30
223981	30
223982	30
223984	30
221129	30
221130	30
221131	30
221349	30
221350	30
221532	30
221533	30
221534	30
221535	30
221536	30
221537	30
221538	30
221539	30
221540	30
221541	30
221542	30
221543	30
221745	30
221746	30
221747	30
221748	30
221749	40
221750	30
221751	30
221932	30
221933	30
221934	30
221935	30
221936	30
221937	30
222145	30
222146	30
222147	30
222148	30
222332	30
222333	30
222334	30
222335	30
222336	30
222337	30
222338	30
222339	30
222340	30
222341	30
221132	30
221133	30
221134	30
221135	30
221136	30
221137	30
221138	30
221139	30
221140	30
221141	30
221327	30
221328	30
221329	30
221330	30
221544	30
221728	30
221729	30
221730	40
221731	30
221732	40
221733	30
221734	40
221735	30
221736	30
221737	30
221738	30
221739	30
221938	30
221939	30
221940	30
221941	30
221942	30
221943	30
222126	30
222128	30
222129	30
222130	30
222131	30
222132	30
222133	30
222342	30
222343	30
222525	30
222526	30
222527	30
222528	30
222529	30
222530	30
222531	30
222533	30
222534	30
222535	30
222536	30
222729	30
221331	30
221332	30
221333	30
221334	30
221335	30
221336	40
221337	30
221338	30
221520	30
221521	40
221522	30
221523	30
221524	30
221525	30
221219	30
221220	30
221221	30
221222	30
221223	30
221224	30
221225	30
221226	30
221227	30
221228	30
221229	30
221411	40
221412	30
245937	30
254255	30
244884	30
245071	30
244807	30
244825	30
244840	30
244909	30
244935	30
244968	30
244978	30
244988	30
245073	30
245118	40
223318	30
223319	30
223320	30
223321	30
223322	30
223323	30
223324	30
223325	30
223326	30
223327	30
223328	30
223509	30
223510	30
223721	30
223722	30
223723	30
223724	30
223725	30
223726	30
223911	30
223912	30
223913	30
223914	30
223915	30
223916	30
223917	30
223918	30
221413	30
243744	30
221414	30
221415	30
243753	30
221416	30
221417	30
221418	30
221419	30
221420	30
221421	30
221422	30
221607	30
221608	30
244821	30
244845	30
244817	30
244859	30
244868	30
244907	30
244921	30
244934	30
244947	30
244959	30
244971	30
254481	30
254193	30
258206	30
223511	30
223512	30
223513	30
223514	30
223515	30
223516	30
223517	30
223518	30
223519	30
223520	30
223702	30
223703	30
223704	30
223919	30
223920	30
223921	30
223922	30
221002	30
221003	30
221004	30
221005	30
221006	30
221007	30
221008	30
221009	30
221010	30
221011	30
221609	30
221610	30
221611	30
221612	30
221613	30
221614	30
221615	30
221616	30
221617	30
221618	30
221800	40
221801	40
221802	30
221803	30
260759	30
245861	30
245272	30
245288	30
245293	30
254362	30
245331	40
245372	30
260615	30
259923	30
245466	30
245470	30
254855	30
259014	40
223705	30
223706	30
223707	30
223708	30
223709	30
223710	30
223711	30
223712	30
223713	30
223714	30
223898	30
223899	30
223900	30
223901	30
221012	30
221013	30
221014	30
221205	30
221206	30
221207	30
221208	30
221209	30
221210	30
221211	30
221212	30
221213	30
221214	30
221215	30
221804	30
221805	40
221806	30
221807	30
221808	30
221809	30
221810	30
221811	30
221992	30
221993	30
221994	30
221995	30
221996	30
221997	30
259025	40
245471	30
245485	30
245486	30
259139	30
259149	30
260795	30
259266	30
259272	30
260811	30
260813	30
259696	30
259724	30
254041	30
223902	30
223903	30
223905	30
223906	30
223907	30
223908	30
223909	30
223910	30
220989	30
220990	30
220991	30
220993	30
220994	30
221216	30
221399	30
221400	30
221401	30
221402	30
221403	30
221404	30
221405	30
221406	30
221407	40
221408	40
221409	40
221410	40
221595	30
221998	30
221999	30
222000	30
222001	30
222002	30
222003	40
222186	30
222187	30
222188	30
222189	30
222190	30
222191	30
222192	30
222193	30
220995	30
220996	30
220997	30
220998	30
220999	30
221000	30
221001	30
221192	30
221193	30
221194	30
221195	30
221196	30
221197	30
221596	30
221597	30
221598	30
221599	30
221600	30
221601	30
221602	30
221603	30
221604	30
221605	30
221606	30
221788	30
221789	40
221790	30
222195	30
222196	30
222197	30
222198	30
222381	30
222382	30
222383	30
222384	30
222385	30
222386	30
222387	30
222388	30
222389	30
222390	30
260841	30
259916	30
244973	30
246013	30
245495	30
260864	40
261490	30
245472	30
260651	30
260873	30
253993	30
221198	30
221199	30
221200	30
221201	30
221202	30
221203	30
221204	30
221387	30
221388	30
221389	30
221390	30
221391	30
221392	30
221393	30
221791	30
221792	30
221793	30
221794	30
221795	30
221796	30
221797	30
221798	30
221799	40
221980	30
221981	30
221982	30
221983	30
221984	30
222391	30
222392	30
222573	30
222574	30
222575	30
222576	30
222577	30
222578	30
222579	30
222580	30
222581	30
222582	30
222583	30
222584	30
221394	30
221395	30
221396	30
221397	40
221398	40
221582	30
221583	30
221584	30
221586	30
221587	30
221588	30
221589	30
221590	30
221591	30
221985	40
221986	30
221987	30
221988	30
221989	30
221990	30
221991	30
222174	30
222175	30
222176	30
222177	30
222178	40
222179	30
222180	30
257256	30
257276	30
258639	30
258641	30
259925	30
258780	40
258985	40
258998	30
259018	40
259027	40
259537	30
258793	40
258892	40
258899	40
221592	30
221593	30
221594	30
221776	30
221777	30
221778	30
221779	30
221780	30
221781	30
221782	30
221783	40
221784	30
221785	30
222181	30
222182	30
222183	30
222184	30
222185	30
222369	30
222370	30
222371	30
222372	30
222373	30
222374	30
222375	30
222376	30
222377	30
259219	30
259224	30
258973	30
258974	30
258975	30
258976	30
257322	30
258636	30
258637	30
258734	30
258762	30
260169	30
257288	30
258252	30
258276	30
221381	30
221382	30
221383	30
221384	30
221385	30
221386	30
221570	30
221571	30
221572	30
221573	30
221574	30
221575	30
221577	30
221578	30
221786	30
221787	30
221968	30
221969	30
221971	30
221972	30
221973	30
221974	30
221975	30
221976	30
221977	30
221978	30
221979	30
222162	30
222378	30
222379	30
222380	30
222561	30
222562	30
222563	30
222564	30
222565	30
222566	30
222567	30
222568	30
222569	30
222570	30
222571	30
260482	30
259688	30
258627	30
258628	30
258092	30
257934	30
258124	30
245089	30
245096	30
245243	30
245244	30
245249	30
245110	30
245111	30
221579	30
221580	30
221581	30
221764	40
221765	30
221766	30
221767	40
221768	30
221769	30
221770	30
221771	30
221772	30
221773	30
221775	30
222163	30
222164	30
222165	30
222166	30
222167	30
222168	30
222169	30
222170	30
222171	30
222172	30
222173	30
222357	30
222358	30
222359	30
222572	30
222765	30
222766	30
222767	30
222769	30
222770	30
222771	30
222772	30
222773	30
222774	30
222776	30
222957	30
222958	30
245137	30
245142	30
245263	30
245264	30
245269	30
245270	30
245281	40
245282	30
245286	30
239639	40
239649	30
245315	30
245325	30
245347	30
221956	30
221957	30
221958	30
221959	30
221960	30
221961	30
221962	30
221964	40
221965	30
221966	30
221967	30
222150	30
222151	30
222360	30
222361	30
222362	30
222363	30
222364	30
222365	30
222366	30
222367	30
222368	30
222549	30
222550	30
222551	30
222552	30
222553	30
222959	30
222960	30
222961	30
222962	30
222963	30
222964	30
222965	30
222966	30
222967	30
222968	30
223149	30
223150	30
223151	30
223152	30
245348	30
246027	30
246988	30
252695	40
246337	30
239245	30
239350	30
244963	30
245031	40
245034	40
239744	30
252670	30
244949	30
244956	30
222152	30
222153	30
222154	30
222155	30
222156	30
222157	30
222158	30
222159	30
222160	30
222161	30
222344	30
222345	30
222346	30
222554	30
222555	30
222556	30
222557	30
222558	30
222560	30
222753	30
222754	30
222755	30
222756	30
222757	30
222758	30
222759	30
222760	30
223153	30
223154	30
223155	30
223156	30
223157	30
223158	30
223159	30
223160	30
223341	30
223342	30
223343	30
223344	30
223345	30
223346	30
244964	30
245150	30
245159	30
245160	30
245167	30
245178	30
245183	30
252741	30
245200	30
254544	30
254564	30
243005	30
243072	40
243099	40
222347	30
222348	30
222349	30
222350	30
222351	30
222352	30
222353	30
222354	30
222356	30
222537	30
222538	30
222539	30
222540	30
222541	30
222761	30
222762	30
222763	30
222764	30
222945	30
222946	30
230532	30
222949	30
222950	30
222951	30
222952	30
222953	30
222954	30
222955	30
223347	30
223348	30
223349	30
223350	30
223351	30
223352	30
223533	30
223534	30
223535	30
223536	30
223537	30
223538	30
223539	30
223541	30
243131	40
254551	30
242977	30
256887	30
256882	30
256885	30
256437	30
256836	30
256430	30
256889	30
256433	30
256881	30
256428	30
245289	40
222542	30
222543	30
222544	30
222545	30
222546	30
222547	30
222548	30
222741	30
222742	30
222743	30
222744	30
222745	30
222746	30
222748	30
222956	30
223137	30
223138	30
223139	30
223140	30
223141	30
223142	30
223143	30
223144	30
223145	30
223146	30
223147	30
223148	30
223329	30
223542	30
223543	30
223544	30
223727	30
223728	30
223729	40
223730	30
223731	30
223732	30
223733	30
223734	30
223735	30
223736	30
245290	40
250551	30
250563	30
256734	30
250763	30
250548	30
250540	30
244270	30
242906	30
244478	30
244493	30
253910	40
243499	30
244812	30
222749	30
222750	30
222751	30
222752	30
222933	30
222934	30
222935	30
222936	30
222937	30
222938	30
222939	30
222940	30
222941	30
222942	30
223330	30
223331	30
223332	30
223333	30
223334	30
223335	30
223336	30
223337	30
223338	30
223339	30
223340	30
223521	30
223522	30
223523	30
223737	30
223738	40
223923	30
223924	30
223926	30
223927	30
223928	30
223929	30
223930	30
223931	30
223932	30
223933	30
223934	30
223935	30
260668	30
260671	30
260681	30
244917	30
260698	30
261294	30
245563	30
245564	30
245565	30
254095	30
260817	30
261312	30
257175	30
257178	30
222943	30
222944	30
223125	30
223126	30
223127	30
223128	30
223129	30
223130	30
223131	30
223132	30
223133	30
223134	30
223135	30
223136	30
223524	30
223526	30
223527	30
223528	30
223529	30
223530	30
223531	30
223532	30
223715	30
223716	30
223717	30
223718	30
223719	30
223720	30
221015	30
221016	30
221017	30
221018	30
221019	30
221020	30
221021	30
221022	30
221024	30
221025	30
221026	30
221217	30
221218	40
